(3,2014-08-01 08)|0.0|73||
(9,2014-08-01 11)|0.0|1209||
(13,2014-08-01 13)|0.61570305|17821|15000|-2868
(3,2014-08-01 09)|0.0|74||
(9,2014-08-01 12)|0.0|1204||
(13,2014-08-01 14)|0.6225059|17878|15000|-2906
(9,2014-08-01 13)|0.0|1197||
(13,2014-08-01 15)|0.6160733|18045|15000|-3102
(9,2014-08-01 14)|0.0|1182||
(13,2014-08-01 16)|0.6117141|17997|15000|-3046
(9,2014-08-01 15)|0.0|1182||
(13,2014-08-01 17)|0.6240091|18486|15000|-3403
(9,2014-08-01 16)|0.0|1189||
(13,2014-08-01 18)|0.61915696|18001|15000|-2943
(9,2014-08-01 17)|0.0|1205||
(13,2014-08-01 19)|0.63802576|17932|15000|-2951
(9,2014-08-01 18)|0.0|1174||
(9,2014-08-01 19)|0.0|1212||
(11,2014-08-01 20)|0.0|9823||
(13,2014-08-01 00)|0.6032228|19222|15000|-4199
(11,2014-08-01 21)|0.0|9532||
(13,2014-08-01 01)|0.59558135|18661|15000|-3703
(9,2014-08-01 00)|0.0|1271||
(11,2014-08-01 22)|0.0|9551||
(13,2014-08-01 02)|0.6062026|18782|15000|-3702
(1,2014-08-01 18)|0.0|||
(9,2014-08-01 01)|0.0|1274||
(13,2014-08-01 03)|0.5984668|18864|15000|-3860
(1,2014-08-01 19)|0.0|||
(9,2014-08-01 02)|0.0|1247||
(13,2014-08-01 04)|0.6088409|18780|15000|-3832
(9,2014-08-01 03)|0.0|1179||
(13,2014-08-01 05)|0.60113627|18881|15000|-3882
(1,2014-08-01 00)|0.0|||
(9,2014-08-01 04)|0.0|1037||
(13,2014-08-01 06)|0.5987418|19083|15000|-4112
(1,2014-08-01 01)|0.0|||
(9,2014-08-01 05)|0.0|1000||
(13,2014-08-01 07)|0.6026552|19617|15000|-4640
(1,2014-08-01 02)|0.0|||
(9,2014-08-01 06)|0.0|966||
(13,2014-08-01 08)|0.59971946|20192|15000|-5249
(1,2014-08-01 03)|0.0|||
(9,2014-08-01 07)|0.0|1099||
(13,2014-08-01 09)|0.6031486|20164|15000|-5316
(1,2014-08-01 04)|0.0|||
(9,2014-08-01 08)|0.0|1192||
(1,2014-08-01 05)|0.0|||
(9,2014-08-01 09)|0.0|1171||
(1,2014-08-01 06)|0.0|||
(1,2014-08-01 07)|0.0|||
(11,2014-08-01 12)|0.0|9837||
(1,2014-08-01 08)|0.0|||
(11,2014-08-01 13)|0.0|9763||
(1,2014-08-01 09)|0.0|||
(3,2014-08-01 10)|0.0|76||
(11,2014-08-01 14)|0.0|9874||
(13,2014-07-31 23)|0.0|15000||
(3,2014-08-01 11)|0.0|71||
(11,2014-08-01 15)|0.0|9882||
(3,2014-08-01 12)|0.0|69||
(11,2014-08-01 16)|0.0|9843||
(3,2014-08-01 13)|0.0|65||
(11,2014-08-01 17)|0.0|9842||
(3,2014-08-01 14)|0.0|66||
(11,2014-08-01 18)|0.0|9902||
(3,2014-08-01 15)|0.0|62||
(11,2014-08-01 19)|0.0|9929||
(13,2014-08-01 20)|0.60870475|18015|15000|-3143
(1,2014-07-31 23)|0.0|||
(3,2014-08-01 16)|0.0|69||
(13,2014-08-01 21)|0.576075|18999|15000|-4175
(3,2014-08-01 17)|0.0|64||
(9,2014-08-01 20)|0.0|1332||
(13,2014-08-01 22)|0.6041803|20996|15000|-6064
(3,2014-08-01 18)|0.0|64||
(9,2014-08-01 21)|0.0|1361||
(13,2014-08-01 23)|0.5961636|22198|15000|-7424
(9,2014-08-01 22)|0.0|1321||
(9,2014-08-01 23)|0.0|1245||
(1,2014-08-01 20)|0.0|||
(3,2014-08-01 00)|0.0|69||
(1,2014-08-01 21)|0.0|||
(3,2014-08-01 01)|0.0|68||
(1,2014-08-01 22)|0.0|||
(3,2014-08-01 02)|0.0|68||
(1,2014-08-01 23)|0.0|||
(3,2014-08-01 03)|0.0|67||
(3,2014-08-01 04)|0.0|66||
(3,2014-08-01 05)|0.0|65||
(13,2014-08-01 10)|0.6073365|19988|15000|-5006
(3,2014-08-01 06)|0.0|68||
(13,2014-08-01 11)|0.6071627|20012|15000|-5033
(3,2014-08-01 07)|0.0|71||
(9,2014-08-01 10)|0.0|1192||
(13,2014-08-01 12)|0.62077713|17987|15000|-2988
(1,2014-08-02 08)|0.0|||
(3,2014-08-03 00)|0.0|62||
(1,2014-08-02 09)|0.0|||
(13,2014-08-02 20)|0.6286184|18709|15000|-3793
(13,2014-08-02 21)|0.61347705|18653|15000|-3626
(13,2014-08-02 22)|0.6303912|18740|15000|-3575
(11,2014-08-02 12)|0.0|9865||
(13,2014-08-02 23)|0.6455624|18652|15000|-3663
(1,2014-08-02 20)|0.0|||
(3,2014-08-02 00)|0.0|69||
(11,2014-08-02 13)|0.0|9926||
(1,2014-08-02 21)|0.0|||
(3,2014-08-02 01)|0.0|66||
(11,2014-08-02 14)|0.0|9937||
(3,2014-08-02 02)|0.0|66||
(11,2014-08-02 15)|0.0|10025||
(3,2014-08-02 03)|0.0|66||
(11,2014-08-02 16)|0.0|9899||
(3,2014-08-02 04)|0.0|64||
(11,2014-08-02 17)|0.0|9847||
(3,2014-08-02 05)|0.0|64||
(11,2014-08-02 18)|0.0|9952||
(3,2014-08-02 06)|0.0|67||
(11,2014-08-02 19)|0.0|10008||
(13,2014-08-01 23)|0.33333334|20000|15000|-15000
(3,2014-08-02 07)|0.0|69||
(3,2014-08-02 08)|0.0|76||
(3,2014-08-02 09)|0.0|83||
(1,2014-08-01 23)|0.0|||
(13,2014-08-02 10)|0.60676175|19810|15000|-4914
(9,2014-08-02 20)|0.0|698||
(13,2014-08-02 11)|0.6131013|19769|15000|-4834
(9,2014-08-02 21)|0.0|877||
(13,2014-08-02 12)|0.5959477|17378|15000|-2407
(9,2014-08-02 22)|0.0|753||
(13,2014-08-02 13)|0.6118351|17468|15000|-2463
(1,2014-08-02 10)|0.0|||
(9,2014-08-02 23)|0.0|701||
(13,2014-08-02 14)|0.6437284|17817|15000|-2996
(1,2014-08-02 11)|0.0|||
(13,2014-08-02 15)|0.64041317|18083|15000|-3153
(1,2014-08-02 12)|0.0|||
(3,2014-08-02 23)|0.0|66||
(13,2014-08-02 16)|0.62820274|18327|15000|-3393
(1,2014-08-02 13)|0.0|||
(13,2014-08-02 17)|0.6315939|18302|15000|-3439
(1,2014-08-02 14)|0.0|||
(13,2014-08-02 18)|0.63326675|19975|15000|-5000
(1,2014-08-02 15)|0.0|||
(13,2014-08-02 19)|0.6363403|19391|15000|-4362
(1,2014-08-02 16)|0.0|||
(1,2014-08-02 17)|0.0|||
(1,2014-08-02 18)|0.0|||
(1,2014-08-02 19)|0.0|||
(11,2014-08-02 20)|0.0|10003||
(13,2014-08-02 00)|0.6102698|18850|15000|-3885
(9,2014-08-02 10)|0.0|1158||
(11,2014-08-02 21)|0.0|9531||
(13,2014-08-02 01)|0.604|18686|15000|-3818
(9,2014-08-02 11)|0.0|1108||
(13,2014-08-02 02)|0.60367733|18752|15000|-3834
(3,2014-08-02 10)|0.0|68||
(9,2014-08-02 12)|0.0|1185||
(13,2014-08-02 03)|0.6049916|18759|15000|-3924
(1,2014-08-02 00)|0.0|||
(3,2014-08-02 11)|0.0|65||
(9,2014-08-02 13)|0.0|1214||
(13,2014-08-02 04)|0.6125298|18659|15000|-3690
(1,2014-08-02 01)|0.0|||
(3,2014-08-02 12)|0.0|67||
(9,2014-08-02 14)|0.0|1276||
(13,2014-08-02 05)|0.6111898|18647|15000|-3730
(1,2014-08-02 02)|0.0|||
(3,2014-08-02 13)|0.0|66||
(9,2014-08-02 15)|0.0|1187||
(13,2014-08-02 06)|0.61192846|18636|15000|-3784
(1,2014-08-02 03)|0.0|||
(3,2014-08-02 14)|0.0|63||
(9,2014-08-02 16)|0.0|1214||
(13,2014-08-02 07)|0.6324076|19374|15000|-4377
(1,2014-08-02 04)|0.0|||
(3,2014-08-02 15)|0.0|64||
(9,2014-08-02 17)|0.0|1172||
(13,2014-08-02 08)|0.62975407|20053|15000|-5147
(1,2014-08-02 05)|0.0|||
(3,2014-08-02 16)|0.0|65||
(9,2014-08-02 18)|0.0|632||
(13,2014-08-02 09)|0.61944085|19893|15000|-4986
(1,2014-08-02 06)|0.0|||
(3,2014-08-02 17)|0.0|63||
(9,2014-08-02 19)|0.0|750||
(1,2014-08-02 07)|0.0|||
(3,2014-08-02 18)|0.0|64||
(1,2014-08-03 14)|0.0|||
(11,2014-08-03 16)|0.0|10014||
(1,2014-08-03 15)|0.0|||
(11,2014-08-03 17)|0.0|9990||
(1,2014-08-03 16)|0.0|||
(11,2014-08-03 18)|0.0|9974||
(1,2014-08-03 17)|0.0|||
(1,2014-08-03 00)|0.0|||
(1,2014-08-03 18)|0.0|||
(1,2014-08-03 01)|0.0|||
(1,2014-08-03 02)|0.0|||
(1,2014-08-03 03)|0.0|||
(1,2014-08-03 04)|0.0|||
(1,2014-08-03 05)|0.0|||
(1,2014-08-03 06)|0.0|||
(9,2014-08-03 10)|0.0|1201||
(1,2014-08-03 07)|0.0|||
(9,2014-08-03 11)|0.0|1205||
(1,2014-08-03 08)|0.0|||
(9,2014-08-03 12)|0.0|1232||
(13,2014-08-03 23)|0.64696634|18243|15000|-3243
(1,2014-08-03 09)|0.0|||
(9,2014-08-03 13)|0.0|1269||
(9,2014-08-04 00)|0.0|1036||
(9,2014-08-03 14)|0.0|1249||
(9,2014-08-03 15)|0.0|1195||
(9,2014-08-03 16)|0.0|1194||
(9,2014-08-03 17)|0.0|1261||
(13,2014-08-03 10)|0.6760701|19302|15000|-4298
(9,2014-08-03 00)|0.0|834||
(13,2014-08-03 11)|0.680062|19085|15000|-4075
(3,2014-08-03 10)|0.0|80||
(9,2014-08-03 01)|0.0|314||
(13,2014-08-03 12)|0.66368437|17811|15000|-2852
(3,2014-08-03 11)|0.0|76||
(9,2014-08-03 02)|0.0|307||
(13,2014-08-03 13)|0.6433086|17575|15000|-2600
(3,2014-08-03 12)|0.0|74||
(9,2014-08-03 03)|0.0|307||
(13,2014-08-03 14)|0.62506187|17317|15000|-2437
(3,2014-08-03 13)|0.0|69||
(9,2014-08-03 04)|0.0|341||
(13,2014-08-03 15)|0.6486529|17350|15000|-2423
(3,2014-08-03 14)|0.0|66||
(9,2014-08-03 05)|0.0|551||
(13,2014-08-03 16)|0.6475272|17349|15000|-2318
(3,2014-08-03 15)|0.0|66||
(13,2014-08-03 17)|0.6465103|17347|15000|-2421
(3,2014-08-03 16)|0.0|64||
(13,2014-08-03 00)|0.666502|18919|15000|-3816
(13,2014-08-03 18)|0.6090589|17187|15000|-2355
(3,2014-08-03 17)|0.0|64||
(13,2014-08-03 01)|0.6552603|18775|15000|-3674
(3,2014-08-03 00)|0.0|68||
(3,2014-08-03 18)|0.0|67||
(13,2014-08-03 02)|0.6581874|18706|15000|-3659
(3,2014-08-03 01)|0.0|67||
(3,2014-08-03 19)|0.0|50||
(13,2014-08-03 03)|0.6713341|18610|15000|-3570
(3,2014-08-03 02)|0.0|65||
(13,2014-08-03 04)|0.68744045|18439|15000|-3468
(3,2014-08-03 03)|0.0|64||
(13,2014-08-03 05)|0.6541336|18063|15000|-2972
(3,2014-08-03 04)|0.0|64||
(13,2014-08-03 06)|0.6542373|18202|15000|-3164
(3,2014-08-03 05)|0.0|65||
(13,2014-08-03 07)|0.62865496|18651|15000|-3708
(3,2014-08-03 06)|0.0|68||
(13,2014-08-03 08)|0.7382289|19463|15000|-4602
(3,2014-08-03 07)|0.0|72||
(13,2014-08-03 09)|0.7222834|19510|15000|-4543
(1,2014-08-03 10)|0.0|||
(3,2014-08-03 08)|0.0|77||
(11,2014-08-03 12)|0.0|9953||
(1,2014-08-03 11)|0.0|||
(3,2014-08-03 09)|0.0|76||
(11,2014-08-03 13)|0.0|10002||
(1,2014-08-03 12)|0.0|||
(11,2014-08-03 14)|0.0|10043||
(1,2014-08-03 13)|0.0|||
(11,2014-08-03 15)|0.0|10052||
(3,2014-08-04 11)|0.0|61||
(13,2014-08-04 23)|0.5859621|18295|15000|-3263
(3,2014-08-04 12)|0.0|61||
(3,2014-08-04 13)|0.0|60||
(3,2014-08-04 14)|0.0|60||
(1,2014-08-04 00)|0.0|||
(3,2014-08-04 15)|0.0|60||
(11,2014-08-04 12)|0.0|9793||
(1,2014-08-04 01)|0.0|||
(3,2014-08-04 16)|0.0|60||
(11,2014-08-04 13)|0.0|9906||
(1,2014-08-04 02)|0.0|||
(3,2014-08-04 17)|0.0|60||
(11,2014-08-04 14)|0.0|9931||
(1,2014-08-04 03)|0.0|||
(3,2014-08-04 18)|0.0|60||
(9,2014-08-04 00)|0.0|1107||
(11,2014-08-04 15)|0.0|9968||
(1,2014-08-04 04)|0.0|||
(3,2014-08-04 19)|0.0|60||
(9,2014-08-04 01)|0.0|1189||
(11,2014-08-04 16)|0.0|9909||
(1,2014-08-04 05)|0.0|||
(9,2014-08-04 02)|0.0|1155||
(11,2014-08-04 17)|0.0|9924||
(1,2014-08-04 06)|0.0|||
(9,2014-08-04 03)|0.0|1120||
(11,2014-08-04 18)|0.0|9828||
(1,2014-08-04 07)|0.0|||
(9,2014-08-04 04)|0.0|1094||
(11,2014-08-04 19)|0.0|9623||
(1,2014-08-04 08)|0.0|||
(9,2014-08-04 05)|0.0|976||
(1,2014-08-04 09)|0.0|||
(9,2014-08-04 06)|0.0|1040||
(9,2014-08-04 07)|0.0|1186||
(9,2014-08-04 08)|0.0|1270||
(13,2014-08-04 10)|0.5889908|19075|15000|-3937
(3,2014-08-05 00)|0.0|59||
(9,2014-08-04 09)|0.0|1278||
(13,2014-08-04 11)|0.5883682|18990|15000|-3944
(1,2014-08-04 20)|0.0|||
(3,2014-08-04 00)|0.0|67||
(13,2014-08-04 12)|0.59647727|17190|15000|-2246
(1,2014-08-04 21)|0.0|||
(3,2014-08-04 01)|0.0|65||
(13,2014-08-04 13)|0.5798887|16839|15000|-1906
(1,2014-08-04 22)|0.0|||
(3,2014-08-04 02)|0.0|65||
(13,2014-08-04 14)|0.4914465|16427|15000|-1705
(1,2014-08-04 23)|0.0|||
(3,2014-08-04 03)|0.0|65||
(9,2014-08-04 20)|0.0|1488||
(13,2014-08-04 15)|0.5236566|16650|15000|-1769
(3,2014-08-04 04)|0.0|65||
(9,2014-08-04 21)|0.0|1341||
(13,2014-08-04 16)|0.58042794|16786|15000|-1728
(3,2014-08-04 05)|0.0|64||
(9,2014-08-04 22)|0.0|1223||
(13,2014-08-04 17)|0.5822117|17110|15000|-2254
(3,2014-08-04 06)|0.0|68||
(9,2014-08-04 23)|0.0|1147||
(13,2014-08-04 18)|0.5062758|17116|15000|-2340
(3,2014-08-04 07)|0.0|70||
(13,2014-08-04 19)|0.54704344|16799|15000|-1850
(3,2014-08-04 08)|0.0|78||
(3,2014-08-04 09)|0.0|71||
(3,2014-08-04 20)|0.0|60||
(3,2014-08-04 21)|0.0|62||
(3,2014-08-04 22)|0.0|60||
(3,2014-08-04 23)|0.0|59||
(11,2014-08-04 20)|0.0|9577||
(13,2014-08-04 00)|0.58284724|18585|15000|-3545
(11,2014-08-04 21)|0.0|9757||
(13,2014-08-04 01)|0.5958424|18543|15000|-3404
(1,2014-08-04 10)|0.0|||
(13,2014-08-04 02)|0.5637434|18536|15000|-3637
(1,2014-08-04 11)|0.0|||
(11,2014-08-04 23)|0.0|8962||
(13,2014-08-04 03)|0.57668394|18586|15000|-3638
(1,2014-08-04 12)|0.0|||
(13,2014-08-04 04)|0.5796951|18567|15000|-3531
(1,2014-08-04 13)|0.0|||
(9,2014-08-04 10)|0.0|1287||
(13,2014-08-04 05)|0.58103925|18392|15000|-3470
(1,2014-08-04 14)|0.0|||
(9,2014-08-04 11)|0.0|1284||
(13,2014-08-04 06)|0.58466613|18690|15000|-3708
(1,2014-08-04 15)|0.0|||
(9,2014-08-04 12)|0.0|1295||
(13,2014-08-04 07)|0.57649195|18963|15000|-3856
(1,2014-08-04 16)|0.0|||
(9,2014-08-04 13)|0.0|1267||
(13,2014-08-04 08)|0.5831887|19258|15000|-4383
(1,2014-08-04 17)|0.0|||
(9,2014-08-04 14)|0.0|1251||
(13,2014-08-04 09)|0.5894621|19050|15000|-4031
(1,2014-08-04 18)|0.0|||
(9,2014-08-04 15)|0.0|1234||
(1,2014-08-04 19)|0.0|||
(9,2014-08-04 16)|0.0|1256||
(9,2014-08-04 17)|0.0|1275||
(9,2014-08-04 18)|0.0|1284||
(13,2014-08-04 20)|0.54242927|16720|15000|-1865
(9,2014-08-04 19)|0.0|1369||
(13,2014-08-04 21)|0.536131|16542|15000|-1662
(3,2014-08-04 10)|0.0|61||
(13,2014-08-04 22)|0.5659406|18758|15000|-3761
(1,2014-08-05 06)|0.0|||
(1,2014-08-05 07)|0.0|||
(1,2014-08-05 08)|0.0|||
(11,2014-08-05 20)|0.0|9062||
(13,2014-08-05 00)|0.6103596|18700|15000|-3651
(1,2014-08-05 09)|0.0|||
(11,2014-08-05 21)|0.0|9096||
(13,2014-08-05 01)|0.6430595|18665|15000|-3631
(1,2014-08-05 20)|0.0|||
(3,2014-08-05 00)|0.0|60||
(11,2014-08-05 22)|0.0|9055||
(13,2014-08-05 02)|0.6493142|18562|15000|-3482
(1,2014-08-05 21)|0.0|||
(3,2014-08-05 01)|0.0|60||
(11,2014-08-05 23)|0.0|9494||
(13,2014-08-05 03)|0.62580645|18403|15000|-3462
(1,2014-08-05 22)|0.0|||
(3,2014-08-05 02)|0.0|60||
(13,2014-08-05 04)|0.6237975|18598|15000|-3490
(1,2014-08-05 23)|0.0|||
(3,2014-08-05 03)|0.0|60||
(13,2014-08-05 05)|0.6410655|18451|15000|-3417
(3,2014-08-05 04)|0.0|60||
(13,2014-08-05 06)|0.6297872|18476|15000|-3400
(3,2014-08-05 05)|0.0|60||
(13,2014-08-05 07)|0.6273585|18943|15000|-3951
(3,2014-08-05 06)|0.0|60||
(13,2014-08-05 08)|0.6501313|19279|15000|-4156
(3,2014-08-05 07)|0.0|61||
(13,2014-08-05 09)|0.62427115|19518|15000|-4273
(1,2014-08-04 23)|0.0|||
(3,2014-08-05 08)|0.0|61||
(13,2014-08-05 20)|0.6179993|18341|15000|-3334
(3,2014-08-05 09)|0.0|60||
(9,2014-08-05 10)|0.0|1283||
(13,2014-08-05 21)|0.6239229|18392|15000|-3275
(3,2014-08-05 20)|0.0|66||
(9,2014-08-05 11)|0.0|1341||
(13,2014-08-05 22)|0.6216996|18098|15000|-2947
(3,2014-08-05 21)|0.0|62||
(9,2014-08-05 12)|0.0|1379||
(13,2014-08-05 23)|0.63909125|18328|15000|-3291
(3,2014-08-05 22)|0.0|62||
(9,2014-08-05 13)|0.0|1328||
(3,2014-08-05 23)|0.0|58||
(9,2014-08-05 14)|0.0|1299||
(9,2014-08-05 15)|0.0|1257||
(9,2014-08-05 16)|0.0|1326||
(9,2014-08-05 17)|0.0|1273||
(13,2014-08-04 23)|1.0|15000|15000|0
(9,2014-08-05 18)|0.0|1426||
(9,2014-08-05 19)|0.0|1422||
(1,2014-08-05 10)|0.0|||
(11,2014-08-05 12)|0.0|8741||
(1,2014-08-05 11)|0.0|||
(11,2014-08-05 13)|0.0|8816||
(1,2014-08-05 12)|0.0|||
(11,2014-08-05 14)|0.0|8848||
(1,2014-08-05 13)|0.0|||
(11,2014-08-05 15)|0.0|8835||
(1,2014-08-05 14)|0.0|||
(11,2014-08-05 16)|0.0|8902||
(1,2014-08-05 15)|0.0|||
(11,2014-08-05 17)|0.0|8866||
(1,2014-08-05 16)|0.0|||
(11,2014-08-05 18)|0.0|8964||
(1,2014-08-05 17)|0.0|||
(11,2014-08-05 19)|0.0|8993||
(1,2014-08-05 18)|0.0|||
(13,2014-08-05 10)|0.6584499|19335|15000|-4247
(1,2014-08-05 19)|0.0|||
(9,2014-08-05 00)|0.0|1108||
(13,2014-08-05 11)|0.6545378|19452|15000|-4343
(3,2014-08-05 10)|0.0|63||
(9,2014-08-05 01)|0.0|1205||
(13,2014-08-05 12)|0.64184904|18426|15000|-3310
(3,2014-08-05 11)|0.0|61||
(9,2014-08-05 02)|0.0|1302||
(13,2014-08-05 13)|0.64575845|18064|15000|-3049
(3,2014-08-05 12)|0.0|61||
(9,2014-08-05 03)|0.0|1333||
(13,2014-08-05 14)|0.6193175|17783|15000|-2775
(3,2014-08-05 13)|0.0|60||
(9,2014-08-05 04)|0.0|1421||
(13,2014-08-05 15)|0.59061295|17782|15000|-2736
(3,2014-08-05 14)|0.0|60||
(9,2014-08-05 05)|0.0|1231||
(13,2014-08-05 16)|0.62360597|17984|15000|-2915
(3,2014-08-05 15)|0.0|59||
(9,2014-08-05 06)|0.0|1092||
(13,2014-08-05 17)|0.6248407|18037|15000|-3054
(3,2014-08-05 16)|0.0|59||
(9,2014-08-05 07)|0.0|1162||
(13,2014-08-05 18)|0.61373854|18530|15000|-3455
(3,2014-08-05 17)|0.0|60||
(9,2014-08-05 08)|0.0|1215||
(13,2014-08-05 19)|0.6115834|18263|15000|-3252
(3,2014-08-05 18)|0.0|65||
(9,2014-08-05 09)|0.0|1251||
(3,2014-08-05 19)|0.0|66||
(9,2014-08-05 20)|0.0|1511||
(9,2014-08-05 21)|0.0|1440||
(1,2014-08-05 00)|0.0|||
(9,2014-08-05 22)|0.0|1393||
(1,2014-08-05 01)|0.0|||
(9,2014-08-05 23)|0.0|1337||
(1,2014-08-05 02)|0.0|||
(1,2014-08-05 03)|0.0|||
(1,2014-08-05 04)|0.0|||
(1,2014-08-05 05)|0.0|||
(3,2014-08-06 00)|0.0|49||
(3,2014-08-06 11)|0.0|66||
(9,2014-08-06 05)|0.0|1406||
(9,2014-08-07 00)|0.0|861||
(13,2014-08-06 19)|0.38425|18016|15000|-1938
(3,2014-08-06 12)|0.0|65||
(9,2014-08-06 06)|0.0|1208||
(3,2014-08-06 13)|0.0|63||
(9,2014-08-06 07)|0.0|1284||
(3,2014-08-06 14)|0.0|64||
(9,2014-08-06 08)|0.0|1387||
(3,2014-08-06 15)|0.0|64||
(9,2014-08-06 09)|0.0|1447||
(9,2014-08-06 20)|0.0|1404||
(3,2014-08-06 16)|0.0|62||
(9,2014-08-06 21)|0.0|1378||
(3,2014-08-06 17)|0.0|62||
(9,2014-08-06 22)|0.0|1312||
(3,2014-08-06 18)|0.0|61||
(9,2014-08-06 23)|0.0|1280||
(3,2014-08-06 19)|0.0|60||
(1,2014-08-06 00)|0.0|||
(1,2014-08-06 01)|0.0|||
(11,2014-08-06 20)|0.0|9359||
(13,2014-08-06 00)|0.66785717|18719|15000|-3708
(1,2014-08-06 02)|0.0|||
(11,2014-08-06 21)|0.0|9541||
(13,2014-08-06 01)|0.6550197|18486|15000|-3591
(1,2014-08-06 03)|0.0|||
(11,2014-08-06 22)|0.0|9577||
(13,2014-08-06 02)|0.65452653|18509|15000|-3386
(1,2014-08-06 04)|0.0|||
(11,2014-08-06 23)|0.0|9755||
(13,2014-08-06 03)|0.6507937|18313|15000|-3143
(1,2014-08-06 05)|0.0|||
(13,2014-08-06 04)|0.65373737|18771|15000|-3655
(1,2014-08-06 06)|0.0|||
(13,2014-08-06 05)|0.6513326|18450|15000|-3391
(1,2014-08-06 07)|0.0|||
(13,2014-08-06 06)|0.6592322|18513|15000|-3327
(1,2014-08-06 08)|0.0|||
(13,2014-08-06 07)|0.6702025|18944|15000|-3942
(1,2014-08-06 09)|0.0|||
(1,2014-08-06 20)|0.0|||
(3,2014-08-06 00)|0.0|64||
(13,2014-08-06 08)|0.6455542|19765|15000|-4801
(1,2014-08-06 21)|0.0|||
(3,2014-08-06 01)|0.0|64||
(13,2014-08-06 09)|0.5284926|19825|15000|-4852
(13,2014-08-06 20)|0.3775076|18083|15000|-2077
(1,2014-08-06 22)|0.0|||
(3,2014-08-06 02)|0.0|64||
(13,2014-08-06 21)|0.42070118|17923|15000|-2154
(1,2014-08-06 23)|0.0|||
(3,2014-08-06 03)|0.0|63||
(13,2014-08-06 22)|0.3573287|17918|15000|-1862
(3,2014-08-06 04)|0.0|62||
(13,2014-08-06 23)|0.42969924|17872|15000|-1824
(3,2014-08-06 05)|0.0|62||
(3,2014-08-07 00)|0.0|59||
(9,2014-08-06 10)|0.0|1367||
(3,2014-08-06 06)|0.0|63||
(9,2014-08-06 11)|0.0|1354||
(3,2014-08-06 07)|0.0|65||
(9,2014-08-06 12)|0.0|1331||
(3,2014-08-06 08)|0.0|66||
(9,2014-08-06 13)|0.0|1321||
(3,2014-08-06 09)|0.0|69||
(3,2014-08-06 20)|0.0|59||
(9,2014-08-06 14)|0.0|1296||
(3,2014-08-06 21)|0.0|60||
(9,2014-08-06 15)|0.0|1307||
(3,2014-08-06 22)|0.0|59||
(9,2014-08-06 16)|0.0|1298||
(3,2014-08-06 23)|0.0|59||
(9,2014-08-06 17)|0.0|1362||
(9,2014-08-06 18)|0.0|1385||
(9,2014-08-06 19)|0.0|1383||
(11,2014-08-06 12)|0.0|8623||
(11,2014-08-06 13)|0.0|8797||
(11,2014-08-06 14)|0.0|8733||
(11,2014-08-06 15)|0.0|8900||
(11,2014-08-06 16)|0.0|8995||
(11,2014-08-06 17)|0.0|9064||
(1,2014-08-06 10)|0.0|||
(11,2014-08-06 18)|0.0|9143||
(1,2014-08-06 11)|0.0|||
(11,2014-08-06 19)|0.0|9400||
(13,2014-08-06 10)|0.5490299|19672|15000|-4608
(1,2014-08-06 12)|0.0|||
(13,2014-08-06 11)|0.5357853|19296|15000|-4076
(1,2014-08-06 13)|0.0|||
(13,2014-08-06 12)|0.61045444|17203|15000|-1985
(1,2014-08-06 14)|0.0|||
(13,2014-08-06 13)|0.61533976|16953|15000|-1670
(1,2014-08-06 15)|0.0|||
(9,2014-08-06 00)|0.0|1423||
(13,2014-08-06 14)|0.62199205|16940|15000|-1870
(1,2014-08-06 16)|0.0|||
(9,2014-08-06 01)|0.0|1455||
(13,2014-08-06 15)|0.61126375|16759|15000|-1755
(1,2014-08-06 17)|0.0|||
(9,2014-08-06 02)|0.0|1519||
(13,2014-08-06 16)|0.5925926|16759|15000|-1480
(1,2014-08-06 18)|0.0|||
(9,2014-08-06 03)|0.0|1550||
(13,2014-08-06 17)|0.6394377|16751|15000|-1616
(1,2014-08-06 19)|0.0|||
(3,2014-08-06 10)|0.0|68||
(9,2014-08-06 04)|0.0|1549||
(13,2014-08-06 18)|0.44919306|17742|15000|-1876
(1,2014-08-07 15)|0.0|||
(9,2014-08-07 00)|0.0|1425||
(13,2014-08-07 14)|0.6499538|18324|15000|-3214
(1,2014-08-07 16)|0.0|||
(9,2014-08-07 01)|0.0|1504||
(13,2014-08-07 15)|0.66|18184|15000|-2987
(1,2014-08-07 17)|0.0|||
(9,2014-08-07 02)|0.0|1497||
(13,2014-08-07 16)|0.6561942|18049|15000|-2978
(1,2014-08-07 18)|0.0|||
(9,2014-08-07 03)|0.0|1593||
(13,2014-08-07 17)|0.65409595|17858|15000|-2793
(1,2014-08-07 19)|0.0|||
(3,2014-08-07 10)|0.0|57||
(9,2014-08-07 04)|0.0|1652||
(13,2014-08-07 18)|0.6488489|17980|15000|-2969
(3,2014-08-07 11)|0.0|56||
(9,2014-08-07 05)|0.0|1342||
(9,2014-08-08 00)|0.0|410||
(13,2014-08-07 19)|0.6287879|17874|15000|-2643
(3,2014-08-07 12)|0.0|61||
(9,2014-08-07 06)|0.0|1144||
(3,2014-08-07 13)|0.0|60||
(9,2014-08-07 07)|0.0|1162||
(3,2014-08-07 14)|0.0|60||
(9,2014-08-07 08)|0.0|1265||
(3,2014-08-07 15)|0.0|60||
(9,2014-08-07 09)|0.0|1366||
(9,2014-08-07 20)|0.0|1349||
(3,2014-08-07 16)|0.0|60||
(9,2014-08-07 21)|0.0|1401||
(3,2014-08-07 17)|0.0|60||
(9,2014-08-07 22)|0.0|1304||
(3,2014-08-07 18)|0.0|60||
(9,2014-08-07 23)|0.0|1300||
(3,2014-08-07 19)|0.0|60||
(1,2014-08-07 00)|0.0|||
(1,2014-08-07 01)|0.0|||
(11,2014-08-07 20)|0.0|9285||
(13,2014-08-07 00)|0.58775926|18482|15000|-3227
(1,2014-08-07 02)|0.0|||
(11,2014-08-07 21)|0.0|9468||
(13,2014-08-07 01)|0.59325653|18371|15000|-3323
(1,2014-08-07 03)|0.0|||
(11,2014-08-07 22)|0.0|9258||
(13,2014-08-07 02)|0.6313101|18344|15000|-3200
(1,2014-08-07 04)|0.0|||
(11,2014-08-07 23)|0.0|9577||
(13,2014-08-07 03)|0.61629707|18265|15000|-3184
(1,2014-08-07 05)|0.0|||
(13,2014-08-07 04)|0.5957929|18488|15000|-3411
(1,2014-08-07 06)|0.0|||
(13,2014-08-07 05)|0.6058351|18368|15000|-3169
(1,2014-08-07 07)|0.0|||
(13,2014-08-07 06)|0.63987297|18667|15000|-3627
(1,2014-08-07 08)|0.0|||
(13,2014-08-07 07)|0.6032442|19305|15000|-4327
(1,2014-08-07 09)|0.0|||
(1,2014-08-07 20)|0.0|||
(3,2014-08-07 00)|0.0|61||
(13,2014-08-07 08)|0.56845754|19714|15000|-4654
(1,2014-08-07 21)|0.0|||
(3,2014-08-07 01)|0.0|61||
(13,2014-08-07 09)|0.60807973|19097|15000|-3899
(13,2014-08-07 20)|0.65133315|17538|15000|-2519
(1,2014-08-07 22)|0.0|||
(3,2014-08-07 02)|0.0|60||
(13,2014-08-07 21)|0.6528828|17791|15000|-2741
(1,2014-08-07 23)|0.0|||
(3,2014-08-07 03)|0.0|60||
(13,2014-08-07 22)|0.5729477|17584|15000|-2602
(3,2014-08-07 04)|0.0|60||
(13,2014-08-07 23)|0.62117344|17688|15000|-2664
(3,2014-08-07 05)|0.0|60||
(3,2014-08-08 00)|0.0|59||
(9,2014-08-07 10)|0.0|1348||
(3,2014-08-07 06)|0.0|60||
(9,2014-08-07 11)|0.0|1255||
(3,2014-08-07 07)|0.0|61||
(9,2014-08-07 12)|0.0|1258||
(3,2014-08-07 08)|0.0|61||
(9,2014-08-07 13)|0.0|1246||
(3,2014-08-07 09)|0.0|63||
(3,2014-08-07 20)|0.0|59||
(9,2014-08-07 14)|0.0|1286||
(3,2014-08-07 21)|0.0|59||
(9,2014-08-07 15)|0.0|1290||
(3,2014-08-07 22)|0.0|60||
(3,2014-08-07 23)|0.0|60||
(9,2014-08-07 18)|0.0|1129||
(9,2014-08-07 19)|0.0|1370||
(11,2014-08-07 12)|0.0|8717||
(11,2014-08-07 13)|0.0|8787||
(11,2014-08-07 14)|0.0|8799||
(11,2014-08-07 15)|0.0|8987||
(11,2014-08-07 16)|0.0|8978||
(11,2014-08-07 17)|0.0|9037||
(1,2014-08-07 10)|0.0|||
(11,2014-08-07 18)|0.0|9146||
(1,2014-08-07 11)|0.0|||
(11,2014-08-07 19)|0.0|9235||
(13,2014-08-07 10)|0.58914727|19361|15000|-4346
(1,2014-08-07 12)|0.0|||
(13,2014-08-07 11)|0.56081486|19511|15000|-4503
(1,2014-08-07 13)|0.0|||
(13,2014-08-07 12)|0.58463836|17592|15000|-2612
(1,2014-08-07 14)|0.0|||
(13,2014-08-07 13)|0.6192507|18011|15000|-2993
(1,2014-08-08 00)|0.0|||
(3,2014-08-08 15)|0.0|61||
(11,2014-08-08 12)|0.0|8850||
(1,2014-08-08 01)|0.0|||
(3,2014-08-08 16)|0.0|61||
(11,2014-08-08 13)|0.0|8890||
(1,2014-08-08 02)|0.0|||
(3,2014-08-08 17)|0.0|61||
(9,2014-08-09 00)|0.0|492||
(11,2014-08-08 14)|0.0|8932||
(1,2014-08-08 03)|0.0|||
(3,2014-08-08 18)|0.0|61||
(9,2014-08-08 00)|0.0|1447||
(11,2014-08-08 15)|0.0|8965||
(1,2014-08-08 04)|0.0|||
(3,2014-08-08 19)|0.0|61||
(9,2014-08-08 01)|0.0|1536||
(1,2014-08-08 05)|0.0|||
(9,2014-08-08 02)|0.0|1576||
(1,2014-08-08 06)|0.0|||
(9,2014-08-08 03)|0.0|1588||
(1,2014-08-08 07)|0.0|||
(9,2014-08-08 04)|0.0|1599||
(1,2014-08-08 08)|0.0|||
(9,2014-08-08 05)|0.0|1402||
(1,2014-08-08 09)|0.0|||
(9,2014-08-08 06)|0.0|1162||
(9,2014-08-08 07)|0.0|1184||
(9,2014-08-08 08)|0.0|1227||
(13,2014-08-08 10)|0.6614907|19192|15000|-4061
(3,2014-08-09 00)|0.0|59||
(9,2014-08-08 09)|0.0|1299||
(13,2014-08-08 11)|0.67368424|19000|15000|-4505
(1,2014-08-08 20)|0.0|||
(3,2014-08-08 00)|0.0|61||
(13,2014-08-08 12)|0.6480744|15916|15000|-993
(1,2014-08-08 21)|0.0|||
(3,2014-08-08 01)|0.0|61||
(13,2014-08-08 13)|0.65975696|15782|15000|-677
(1,2014-08-08 22)|0.0|||
(3,2014-08-08 02)|0.0|61||
(13,2014-08-08 14)|0.63721555|15716|15000|-777
(1,2014-08-08 23)|0.0|||
(3,2014-08-08 03)|0.0|60||
(9,2014-08-08 20)|0.0|1436||
(13,2014-08-08 15)|0.64495116|15973|15000|-1060
(3,2014-08-08 04)|0.0|60||
(9,2014-08-08 21)|0.0|1411||
(13,2014-08-08 16)|0.6222826|18695|15000|-3427
(3,2014-08-08 05)|0.0|60||
(9,2014-08-08 22)|0.0|1386||
(13,2014-08-08 17)|0.6806723|19075|15000|-4197
(3,2014-08-08 06)|0.0|61||
(9,2014-08-08 23)|0.0|1364||
(13,2014-08-08 18)|0.6319797|19302|15000|-4136
(3,2014-08-08 07)|0.0|61||
(13,2014-08-08 19)|0.65317917|18424|15000|-3650
(3,2014-08-08 08)|0.0|61||
(3,2014-08-08 09)|0.0|61||
(3,2014-08-08 20)|0.0|61||
(3,2014-08-08 21)|0.0|60||
(3,2014-08-08 22)|0.0|60||
(3,2014-08-08 23)|0.0|60||
(13,2014-08-08 00)|0.6589404|18360|15000|-3391
(13,2014-08-08 01)|0.6062718|18222|15000|-3390
(1,2014-08-08 10)|0.0|||
(13,2014-08-08 02)|0.6526055|18200|15000|-3365
(1,2014-08-08 11)|0.0|||
(13,2014-08-08 03)|0.6010101|18939|15000|-4411
(1,2014-08-08 12)|0.0|||
(13,2014-08-08 04)|0.63852817|18798|15000|-3694
(1,2014-08-08 13)|0.0|||
(9,2014-08-08 10)|0.0|1251||
(13,2014-08-08 05)|0.6420323|18267|15000|-3363
(1,2014-08-08 14)|0.0|||
(9,2014-08-08 11)|0.0|1402||
(13,2014-08-08 06)|0.58641976|18446|15000|-3894
(1,2014-08-08 15)|0.0|||
(9,2014-08-08 12)|0.0|1380||
(13,2014-08-08 07)|0.62530416|19111|15000|-3968
(1,2014-08-08 16)|0.0|||
(9,2014-08-08 13)|0.0|1377||
(13,2014-08-08 08)|0.6100629|20188|15000|-5670
(1,2014-08-08 17)|0.0|||
(9,2014-08-08 14)|0.0|1329||
(13,2014-08-08 09)|0.63265306|19829|15000|-4838
(1,2014-08-08 18)|0.0|||
(9,2014-08-08 15)|0.0|1317||
(1,2014-08-08 19)|0.0|||
(9,2014-08-08 16)|0.0|1332||
(9,2014-08-08 17)|0.0|1373||
(9,2014-08-08 18)|0.0|1380||
(13,2014-08-08 20)|0.63135594|20656|15000|-5805
(9,2014-08-08 19)|0.0|1409||
(13,2014-08-08 21)|0.6396648|18477|15000|-2969
(3,2014-08-08 10)|0.0|60||
(13,2014-08-08 22)|0.6375|18729|15000|-3888
(3,2014-08-08 11)|0.0|63||
(13,2014-08-08 23)|0.65122616|17956|15000|-3138
(3,2014-08-08 12)|0.0|61||
(3,2014-08-08 13)|0.0|61||
(3,2014-08-08 14)|0.0|61||
(1,2014-08-09 10)|0.0|||
(1,2014-08-09 11)|0.0|||
(1,2014-08-09 12)|0.0|||
(1,2014-08-09 13)|0.0|||
(1,2014-08-09 14)|0.0|||
(1,2014-08-09 15)|0.0|||
(9,2014-08-09 00)|0.0|837||
(1,2014-08-09 16)|0.0|||
(9,2014-08-09 01)|0.0|802||
(1,2014-08-09 17)|0.0|||
(9,2014-08-09 02)|0.0|796||
(1,2014-08-09 18)|0.0|||
(9,2014-08-09 03)|0.0|761||
(1,2014-08-09 19)|0.0|||
(3,2014-08-09 10)|0.0|62||
(9,2014-08-09 04)|0.0|735||
(9,2014-08-10 00)|0.0|369||
(3,2014-08-09 11)|0.0|63||
(9,2014-08-09 05)|0.0|643||
(3,2014-08-09 12)|0.0|61||
(9,2014-08-09 06)|0.0|677||
(3,2014-08-09 13)|0.0|61||
(9,2014-08-09 07)|0.0|792||
(3,2014-08-09 14)|0.0|61||
(9,2014-08-09 08)|0.0|842||
(3,2014-08-09 15)|0.0|60||
(9,2014-08-09 09)|0.0|839||
(9,2014-08-09 20)|0.0|883||
(3,2014-08-09 16)|0.0|61||
(9,2014-08-09 21)|0.0|863||
(3,2014-08-09 17)|0.0|60||
(9,2014-08-09 22)|0.0|765||
(3,2014-08-09 18)|0.0|61||
(9,2014-08-09 23)|0.0|709||
(3,2014-08-09 19)|0.0|61||
(1,2014-08-09 00)|0.0|||
(1,2014-08-09 01)|0.0|||
(1,2014-08-09 02)|0.0|||
(1,2014-08-09 03)|0.0|||
(1,2014-08-09 04)|0.0|||
(1,2014-08-09 05)|0.0|||
(1,2014-08-09 06)|0.0|||
(1,2014-08-09 07)|0.0|||
(1,2014-08-09 08)|0.0|||
(1,2014-08-09 09)|0.0|||
(1,2014-08-09 20)|0.0|||
(3,2014-08-09 00)|0.0|61||
(1,2014-08-09 21)|0.0|||
(3,2014-08-09 01)|0.0|61||
(1,2014-08-09 22)|0.0|||
(3,2014-08-09 02)|0.0|60||
(1,2014-08-09 23)|0.0|||
(3,2014-08-09 03)|0.0|60||
(3,2014-08-09 04)|0.0|60||
(3,2014-08-10 00)|0.0|59||
(3,2014-08-09 05)|0.0|60||
(9,2014-08-09 10)|0.0|839||
(3,2014-08-09 06)|0.0|61||
(9,2014-08-09 11)|0.0|850||
(3,2014-08-09 07)|0.0|61||
(9,2014-08-09 12)|0.0|838||
(3,2014-08-09 08)|0.0|62||
(9,2014-08-09 13)|0.0|834||
(3,2014-08-09 09)|0.0|61||
(3,2014-08-09 20)|0.0|61||
(9,2014-08-09 14)|0.0|820||
(3,2014-08-09 21)|0.0|61||
(9,2014-08-09 15)|0.0|806||
(3,2014-08-09 22)|0.0|61||
(9,2014-08-09 16)|0.0|845||
(3,2014-08-09 23)|0.0|60||
(9,2014-08-09 17)|0.0|923||
(9,2014-08-09 18)|0.0|913||
(9,2014-08-09 19)|0.0|935||
(1,2014-08-10 13)|0.0|||
(9,2014-08-10 02)|0.0|598||
(1,2014-08-10 14)|0.0|||
(9,2014-08-10 03)|0.0|585||
(1,2014-08-10 15)|0.0|||
(9,2014-08-10 04)|0.0|596||
(1,2014-08-10 16)|0.0|||
(9,2014-08-10 05)|0.0|554||
(1,2014-08-10 17)|0.0|||
(9,2014-08-10 06)|0.0|681||
(1,2014-08-10 18)|0.0|||
(3,2014-08-10 10)|0.0|65||
(9,2014-08-10 07)|0.0|737||
(1,2014-08-10 19)|0.0|||
(3,2014-08-10 11)|0.0|73||
(9,2014-08-10 08)|0.0|709||
(9,2014-08-10 20)|0.0|1085||
(3,2014-08-10 12)|0.0|70||
(9,2014-08-10 09)|0.0|740||
(9,2014-08-10 21)|0.0|1103||
(3,2014-08-10 13)|0.0|64||
(9,2014-08-10 22)|0.0|1050||
(3,2014-08-10 14)|0.0|65||
(9,2014-08-10 23)|0.0|1064||
(3,2014-08-10 15)|0.0|65||
(3,2014-08-10 16)|0.0|65||
(3,2014-08-10 17)|0.0|65||
(3,2014-08-10 18)|0.0|74||
(3,2014-08-10 19)|0.0|77||
(1,2014-08-10 00)|0.0|||
(1,2014-08-10 01)|0.0|||
(1,2014-08-10 02)|0.0|||
(1,2014-08-10 03)|0.0|||
(1,2014-08-10 04)|0.0|||
(1,2014-08-10 05)|0.0|||
(1,2014-08-10 06)|0.0|||
(1,2014-08-10 07)|0.0|||
(1,2014-08-10 08)|0.0|||
(1,2014-08-10 20)|0.0|||
(3,2014-08-10 00)|0.0|61||
(1,2014-08-10 09)|0.0|||
(1,2014-08-10 21)|0.0|||
(3,2014-08-10 01)|0.0|60||
(9,2014-08-10 10)|0.0|769||
(1,2014-08-10 22)|0.0|||
(3,2014-08-10 02)|0.0|60||
(9,2014-08-10 11)|0.0|1221||
(1,2014-08-10 23)|0.0|||
(3,2014-08-10 03)|0.0|60||
(9,2014-08-10 12)|0.0|1219||
(3,2014-08-10 04)|0.0|60||
(9,2014-08-10 13)|0.0|1306||
(3,2014-08-10 05)|0.0|60||
(9,2014-08-10 14)|0.0|1271||
(3,2014-08-10 06)|0.0|61||
(9,2014-08-10 15)|0.0|1160||
(3,2014-08-10 07)|0.0|61||
(9,2014-08-10 16)|0.0|1182||
(3,2014-08-10 08)|0.0|62||
(3,2014-08-10 20)|0.0|75||
(9,2014-08-10 17)|0.0|1198||
(3,2014-08-10 09)|0.0|61||
(3,2014-08-10 21)|0.0|69||
(9,2014-08-10 18)|0.0|1145||
(3,2014-08-10 22)|0.0|69||
(9,2014-08-10 19)|0.0|1102||
(3,2014-08-10 23)|0.0|62||
(1,2014-08-10 10)|0.0|||
(1,2014-08-10 11)|0.0|||
(9,2014-08-10 00)|0.0|688||
(1,2014-08-10 12)|0.0|||
(9,2014-08-10 01)|0.0|647||
(3,2014-08-11 20)|0.0|71||
(3,2014-08-11 21)|0.0|69||
(3,2014-08-11 22)|0.0|70||
(3,2014-08-11 23)|0.0|65||
(1,2014-08-11 10)|0.0|||
(1,2014-08-11 11)|0.0|||
(1,2014-08-11 12)|0.0|||
(1,2014-08-11 13)|0.0|||
(9,2014-08-11 10)|0.0|1456||
(1,2014-08-11 14)|0.0|||
(9,2014-08-11 11)|0.0|1474||
(1,2014-08-11 15)|0.0|||
(9,2014-08-11 12)|0.0|1421||
(1,2014-08-11 16)|0.0|||
(9,2014-08-11 13)|0.0|1391||
(1,2014-08-11 17)|0.0|||
(9,2014-08-11 14)|0.0|1362||
(1,2014-08-11 18)|0.0|||
(9,2014-08-11 15)|0.0|1356||
(1,2014-08-11 19)|0.0|||
(9,2014-08-11 16)|0.0|1358||
(9,2014-08-11 17)|0.0|1399||
(9,2014-08-11 18)|0.0|1426||
(9,2014-08-11 19)|0.0|1478||
(3,2014-08-11 10)|0.0|67||
(3,2014-08-11 11)|0.0|69||
(3,2014-08-11 12)|0.0|63||
(3,2014-08-11 13)|0.0|63||
(3,2014-08-11 14)|0.0|69||
(1,2014-08-11 00)|0.0|||
(3,2014-08-11 15)|0.0|70||
(1,2014-08-11 01)|0.0|||
(3,2014-08-11 16)|0.0|69||
(1,2014-08-11 02)|0.0|||
(3,2014-08-11 17)|0.0|68||
(1,2014-08-11 03)|0.0|||
(3,2014-08-11 18)|0.0|69||
(9,2014-08-11 00)|0.0|1491||
(1,2014-08-11 04)|0.0|||
(3,2014-08-11 19)|0.0|68||
(9,2014-08-11 01)|0.0|1485||
(1,2014-08-11 05)|0.0|||
(9,2014-08-11 02)|0.0|1399||
(1,2014-08-11 06)|0.0|||
(9,2014-08-11 03)|0.0|1428||
(1,2014-08-11 07)|0.0|||
(9,2014-08-11 04)|0.0|1439||
(1,2014-08-11 08)|0.0|||
(9,2014-08-11 05)|0.0|1300||
(1,2014-08-11 09)|0.0|||
(9,2014-08-11 06)|0.0|1184||
(9,2014-08-11 07)|0.0|1252||
(9,2014-08-11 08)|0.0|1378||
(3,2014-08-12 00)|0.0|50||
(9,2014-08-11 09)|0.0|1416||
(1,2014-08-11 20)|0.0|||
(3,2014-08-11 00)|0.0|65||
(1,2014-08-11 21)|0.0|||
(3,2014-08-11 01)|0.0|64||
(1,2014-08-11 22)|0.0|||
(3,2014-08-11 02)|0.0|63||
(1,2014-08-11 23)|0.0|||
(3,2014-08-11 03)|0.0|63||
(9,2014-08-11 20)|0.0|1470||
(3,2014-08-11 04)|0.0|63||
(9,2014-08-11 21)|0.0|1436||
(3,2014-08-11 05)|0.0|63||
(9,2014-08-11 22)|0.0|1388||
(3,2014-08-11 06)|0.0|64||
(9,2014-08-11 23)|0.0|1377||
(3,2014-08-11 07)|0.0|66||
(3,2014-08-11 08)|0.0|67||
(3,2014-08-11 09)|0.0|67||
(1,2014-08-12 08)|0.0|||
(1,2014-08-12 09)|0.0|||
(1,2014-08-12 20)|0.0|||
(3,2014-08-12 00)|0.0|65||
(1,2014-08-12 21)|0.0|||
(3,2014-08-12 01)|0.0|64||
(1,2014-08-12 22)|0.0|||
(3,2014-08-12 02)|0.0|65||
(1,2014-08-12 23)|0.0|||
(3,2014-08-12 03)|0.0|63||
(3,2014-08-12 04)|0.0|62||
(3,2014-08-12 05)|0.0|62||
(3,2014-08-12 06)|0.0|65||
(3,2014-08-12 07)|0.0|66||
(3,2014-08-13 00)|0.0|50||
(3,2014-08-12 08)|0.0|68||
(3,2014-08-12 09)|0.0|68||
(3,2014-08-12 20)|0.0|71||
(3,2014-08-12 21)|0.0|69||
(3,2014-08-12 22)|0.0|70||
(9,2014-08-12 10)|0.0|1400||
(3,2014-08-12 23)|0.0|66||
(9,2014-08-12 11)|0.0|1403||
(9,2014-08-12 12)|0.0|1370||
(9,2014-08-12 13)|0.0|1382||
(9,2014-08-12 14)|0.0|1379||
(9,2014-08-12 15)|0.0|1366||
(9,2014-08-12 16)|0.0|1407||
(1,2014-08-12 10)|0.0|||
(9,2014-08-12 17)|0.0|1433||
(1,2014-08-12 11)|0.0|||
(9,2014-08-12 18)|0.0|1462||
(1,2014-08-12 12)|0.0|||
(9,2014-08-12 19)|0.0|1500||
(1,2014-08-12 13)|0.0|||
(1,2014-08-12 14)|0.0|||
(1,2014-08-12 15)|0.0|||
(1,2014-08-12 16)|0.0|||
(1,2014-08-12 17)|0.0|||
(1,2014-08-12 18)|0.0|||
(1,2014-08-12 19)|0.0|||
(3,2014-08-12 10)|0.0|71||
(3,2014-08-12 11)|0.0|72||
(3,2014-08-12 12)|0.0|72||
(9,2014-08-12 00)|0.0|1479||
(3,2014-08-12 13)|0.0|71||
(9,2014-08-12 01)|0.0|1481||
(3,2014-08-12 14)|0.0|69||
(9,2014-08-12 02)|0.0|1433||
(3,2014-08-12 15)|0.0|67||
(9,2014-08-12 03)|0.0|1426||
(3,2014-08-12 16)|0.0|67||
(9,2014-08-12 04)|0.0|1431||
(3,2014-08-12 17)|0.0|72||
(9,2014-08-12 05)|0.0|1278||
(3,2014-08-12 18)|0.0|68||
(9,2014-08-12 06)|0.0|1189||
(1,2014-08-12 00)|0.0|||
(3,2014-08-12 19)|0.0|73||
(9,2014-08-12 07)|0.0|1229||
(1,2014-08-12 01)|0.0|||
(9,2014-08-12 08)|0.0|1354||
(1,2014-08-12 02)|0.0|||
(9,2014-08-12 09)|0.0|1400||
(1,2014-08-12 03)|0.0|||
(1,2014-08-12 04)|0.0|||
(9,2014-08-12 20)|0.0|1534||
(1,2014-08-12 05)|0.0|||
(9,2014-08-12 21)|0.0|1497||
(1,2014-08-12 06)|0.0|||
(9,2014-08-12 22)|0.0|1488||
(1,2014-08-12 07)|0.0|||
(9,2014-08-12 23)|0.0|1506||
(3,2014-08-13 05)|0.0|68||
(3,2014-08-13 06)|0.0|73||
(9,2014-08-13 00)|0.0|1636||
(3,2014-08-13 07)|0.0|77||
(9,2014-08-13 01)|0.0|1600||
(9,2014-08-14 00)|0.0|307||
(3,2014-08-13 08)|0.0|76||
(9,2014-08-13 02)|0.0|1587||
(3,2014-08-13 09)|0.0|81||
(9,2014-08-13 03)|0.0|1622||
(9,2014-08-13 04)|0.0|1582||
(9,2014-08-13 05)|0.0|1494||
(9,2014-08-13 06)|0.0|1295||
(9,2014-08-13 07)|0.0|1313||
(1,2014-08-13 10)|0.0|||
(9,2014-08-13 08)|0.0|1362||
(1,2014-08-13 11)|0.0|||
(9,2014-08-13 09)|0.0|1367||
(1,2014-08-13 12)|0.0|||
(1,2014-08-13 13)|0.0|||
(3,2014-08-13 20)|0.0|66||
(1,2014-08-13 14)|0.0|||
(3,2014-08-13 21)|0.0|65||
(1,2014-08-13 15)|0.0|||
(3,2014-08-13 22)|0.0|65||
(1,2014-08-13 16)|0.0|||
(3,2014-08-13 23)|0.0|63||
(1,2014-08-13 17)|0.0|||
(1,2014-08-13 18)|0.0|||
(1,2014-08-13 19)|0.0|||
(9,2014-08-13 20)|0.0|1383||
(9,2014-08-13 21)|0.0|1332||
(9,2014-08-13 22)|0.0|1219||
(9,2014-08-13 23)|0.0|1119||
(1,2014-08-13 00)|0.0|||
(1,2014-08-13 01)|0.0|||
(1,2014-08-13 02)|0.0|||
(1,2014-08-13 03)|0.0|||
(3,2014-08-13 10)|0.0|83||
(1,2014-08-13 04)|0.0|||
(3,2014-08-13 11)|0.0|71||
(1,2014-08-13 05)|0.0|||
(3,2014-08-13 12)|0.0|91||
(1,2014-08-13 06)|0.0|||
(3,2014-08-13 13)|0.0|94||
(1,2014-08-13 07)|0.0|||
(3,2014-08-13 14)|0.0|96||
(1,2014-08-13 08)|0.0|||
(3,2014-08-13 15)|0.0|76||
(1,2014-08-13 09)|0.0|||
(3,2014-08-13 16)|0.0|68||
(9,2014-08-13 10)|0.0|1397||
(3,2014-08-13 17)|0.0|69||
(9,2014-08-13 11)|0.0|1440||
(3,2014-08-13 18)|0.0|69||
(9,2014-08-13 12)|0.0|1419||
(3,2014-08-13 19)|0.0|67||
(9,2014-08-13 13)|0.0|1431||
(9,2014-08-13 14)|0.0|1423||
(9,2014-08-13 15)|0.0|1308||
(9,2014-08-13 16)|0.0|1332||
(9,2014-08-13 17)|0.0|1382||
(1,2014-08-13 20)|0.0|||
(3,2014-08-13 00)|0.0|61||
(9,2014-08-13 18)|0.0|1443||
(1,2014-08-13 21)|0.0|||
(3,2014-08-13 01)|0.0|61||
(3,2014-08-14 00)|0.0|69||
(9,2014-08-13 19)|0.0|1380||
(1,2014-08-13 22)|0.0|||
(3,2014-08-13 02)|0.0|63||
(1,2014-08-13 23)|0.0|||
(3,2014-08-13 03)|0.0|70||
(3,2014-08-13 04)|0.0|73||
(3,2014-08-01 08)|0.0|73||
(9,2014-08-01 11)|0.0|1209||
(13,2014-08-01 13)|0.61570305|17821|15000|-2868
(3,2014-08-01 09)|0.0|74||
(9,2014-08-01 12)|0.0|1204||
(13,2014-08-01 14)|0.6225059|17878|15000|-2906
(9,2014-08-01 13)|0.0|1197||
(13,2014-08-01 15)|0.6160733|18045|15000|-3102
(9,2014-08-01 14)|0.0|1182||
(13,2014-08-01 16)|0.6117141|17997|15000|-3046
(9,2014-08-01 15)|0.0|1182||
(13,2014-08-01 17)|0.6240091|18486|15000|-3403
(9,2014-08-01 16)|0.0|1189||
(13,2014-08-01 18)|0.61915696|18001|15000|-2943
(9,2014-08-01 17)|0.0|1205||
(13,2014-08-01 19)|0.63802576|17932|15000|-2951
(9,2014-08-01 18)|0.0|1174||
(9,2014-08-01 19)|0.0|1212||
(11,2014-08-01 20)|0.0|9823||
(13,2014-08-01 00)|0.6032228|19222|15000|-4199
(11,2014-08-01 21)|0.0|9532||
(13,2014-08-01 01)|0.59558135|18661|15000|-3703
(9,2014-08-01 00)|0.0|1271||
(11,2014-08-01 22)|0.0|9551||
(13,2014-08-01 02)|0.6062026|18782|15000|-3702
(1,2014-08-01 18)|0.0|||
(9,2014-08-01 01)|0.0|1274||
(13,2014-08-01 03)|0.5984668|18864|15000|-3860
(1,2014-08-01 19)|0.0|||
(9,2014-08-01 02)|0.0|1247||
(13,2014-08-01 04)|0.6088409|18780|15000|-3832
(9,2014-08-01 03)|0.0|1179||
(13,2014-08-01 05)|0.60113627|18881|15000|-3882
(1,2014-08-01 00)|0.0|||
(9,2014-08-01 04)|0.0|1037||
(13,2014-08-01 06)|0.5987418|19083|15000|-4112
(1,2014-08-01 01)|0.0|||
(9,2014-08-01 05)|0.0|1000||
(13,2014-08-01 07)|0.6026552|19617|15000|-4640
(1,2014-08-01 02)|0.0|||
(9,2014-08-01 06)|0.0|966||
(13,2014-08-01 08)|0.59971946|20192|15000|-5249
(1,2014-08-01 03)|0.0|||
(9,2014-08-01 07)|0.0|1099||
(13,2014-08-01 09)|0.6031486|20164|15000|-5316
(1,2014-08-01 04)|0.0|||
(9,2014-08-01 08)|0.0|1192||
(1,2014-08-01 05)|0.0|||
(9,2014-08-01 09)|0.0|1171||
(1,2014-08-01 06)|0.0|||
(1,2014-08-01 07)|0.0|||
(11,2014-08-01 12)|0.0|9837||
(1,2014-08-01 08)|0.0|||
(11,2014-08-01 13)|0.0|9763||
(1,2014-08-01 09)|0.0|||
(3,2014-08-01 10)|0.0|76||
(11,2014-08-01 14)|0.0|9874||
(13,2014-07-31 23)|0.0|15000||
(3,2014-08-01 11)|0.0|71||
(11,2014-08-01 15)|0.0|9882||
(3,2014-08-01 12)|0.0|69||
(11,2014-08-01 16)|0.0|9843||
(3,2014-08-01 13)|0.0|65||
(11,2014-08-01 17)|0.0|9842||
(3,2014-08-01 14)|0.0|66||
(11,2014-08-01 18)|0.0|9902||
(3,2014-08-01 15)|0.0|62||
(11,2014-08-01 19)|0.0|9929||
(13,2014-08-01 20)|0.60870475|18015|15000|-3143
(1,2014-07-31 23)|0.0|||
(3,2014-08-01 16)|0.0|69||
(13,2014-08-01 21)|0.576075|18999|15000|-4175
(3,2014-08-01 17)|0.0|64||
(9,2014-08-01 20)|0.0|1332||
(13,2014-08-01 22)|0.6041803|20996|15000|-6064
(3,2014-08-01 18)|0.0|64||
(9,2014-08-01 21)|0.0|1361||
(13,2014-08-01 23)|0.5961636|22198|15000|-7424
(9,2014-08-01 22)|0.0|1321||
(9,2014-08-01 23)|0.0|1245||
(1,2014-08-01 20)|0.0|||
(3,2014-08-01 00)|0.0|69||
(1,2014-08-01 21)|0.0|||
(3,2014-08-01 01)|0.0|68||
(1,2014-08-01 22)|0.0|||
(3,2014-08-01 02)|0.0|68||
(1,2014-08-01 23)|0.0|||
(3,2014-08-01 03)|0.0|67||
(3,2014-08-01 04)|0.0|66||
(3,2014-08-01 05)|0.0|65||
(13,2014-08-01 10)|0.6073365|19988|15000|-5006
(3,2014-08-01 06)|0.0|68||
(13,2014-08-01 11)|0.6071627|20012|15000|-5033
(3,2014-08-01 07)|0.0|71||
(9,2014-08-01 10)|0.0|1192||
(13,2014-08-01 12)|0.62077713|17987|15000|-2988
(1,2014-08-02 08)|0.0|||
(3,2014-08-03 00)|0.0|62||
(1,2014-08-02 09)|0.0|||
(13,2014-08-02 20)|0.6286184|18709|15000|-3793
(13,2014-08-02 21)|0.61347705|18653|15000|-3626
(13,2014-08-02 22)|0.6303912|18740|15000|-3575
(11,2014-08-02 12)|0.0|9865||
(13,2014-08-02 23)|0.6455624|18652|15000|-3663
(1,2014-08-02 20)|0.0|||
(3,2014-08-02 00)|0.0|69||
(11,2014-08-02 13)|0.0|9926||
(1,2014-08-02 21)|0.0|||
(3,2014-08-02 01)|0.0|66||
(11,2014-08-02 14)|0.0|9937||
(3,2014-08-02 02)|0.0|66||
(11,2014-08-02 15)|0.0|10025||
(3,2014-08-02 03)|0.0|66||
(11,2014-08-02 16)|0.0|9899||
(3,2014-08-02 04)|0.0|64||
(11,2014-08-02 17)|0.0|9847||
(3,2014-08-02 05)|0.0|64||
(11,2014-08-02 18)|0.0|9952||
(3,2014-08-02 06)|0.0|67||
(11,2014-08-02 19)|0.0|10008||
(13,2014-08-01 23)|0.33333334|20000|15000|-15000
(3,2014-08-02 07)|0.0|69||
(3,2014-08-02 08)|0.0|76||
(3,2014-08-02 09)|0.0|83||
(1,2014-08-01 23)|0.0|||
(13,2014-08-02 10)|0.60676175|19810|15000|-4914
(9,2014-08-02 20)|0.0|698||
(13,2014-08-02 11)|0.6131013|19769|15000|-4834
(9,2014-08-02 21)|0.0|877||
(13,2014-08-02 12)|0.5959477|17378|15000|-2407
(9,2014-08-02 22)|0.0|753||
(13,2014-08-02 13)|0.6118351|17468|15000|-2463
(1,2014-08-02 10)|0.0|||
(9,2014-08-02 23)|0.0|701||
(13,2014-08-02 14)|0.6437284|17817|15000|-2996
(1,2014-08-02 11)|0.0|||
(13,2014-08-02 15)|0.64041317|18083|15000|-3153
(1,2014-08-02 12)|0.0|||
(3,2014-08-02 23)|0.0|66||
(13,2014-08-02 16)|0.62820274|18327|15000|-3393
(1,2014-08-02 13)|0.0|||
(13,2014-08-02 17)|0.6315939|18302|15000|-3439
(1,2014-08-02 14)|0.0|||
(13,2014-08-02 18)|0.63326675|19975|15000|-5000
(1,2014-08-02 15)|0.0|||
(13,2014-08-02 19)|0.6363403|19391|15000|-4362
(1,2014-08-02 16)|0.0|||
(1,2014-08-02 17)|0.0|||
(1,2014-08-02 18)|0.0|||
(1,2014-08-02 19)|0.0|||
(11,2014-08-02 20)|0.0|10003||
(13,2014-08-02 00)|0.6102698|18850|15000|-3885
(9,2014-08-02 10)|0.0|1158||
(11,2014-08-02 21)|0.0|9531||
(13,2014-08-02 01)|0.604|18686|15000|-3818
(9,2014-08-02 11)|0.0|1108||
(13,2014-08-02 02)|0.60367733|18752|15000|-3834
(3,2014-08-02 10)|0.0|68||
(9,2014-08-02 12)|0.0|1185||
(13,2014-08-02 03)|0.6049916|18759|15000|-3924
(1,2014-08-02 00)|0.0|||
(3,2014-08-02 11)|0.0|65||
(9,2014-08-02 13)|0.0|1214||
(13,2014-08-02 04)|0.6125298|18659|15000|-3690
(1,2014-08-02 01)|0.0|||
(3,2014-08-02 12)|0.0|67||
(9,2014-08-02 14)|0.0|1276||
(13,2014-08-02 05)|0.6111898|18647|15000|-3730
(1,2014-08-02 02)|0.0|||
(3,2014-08-02 13)|0.0|66||
(9,2014-08-02 15)|0.0|1187||
(13,2014-08-02 06)|0.61192846|18636|15000|-3784
(1,2014-08-02 03)|0.0|||
(3,2014-08-02 14)|0.0|63||
(9,2014-08-02 16)|0.0|1214||
(13,2014-08-02 07)|0.6324076|19374|15000|-4377
(1,2014-08-02 04)|0.0|||
(3,2014-08-02 15)|0.0|64||
(9,2014-08-02 17)|0.0|1172||
(13,2014-08-02 08)|0.62975407|20053|15000|-5147
(1,2014-08-02 05)|0.0|||
(3,2014-08-02 16)|0.0|65||
(9,2014-08-02 18)|0.0|632||
(13,2014-08-02 09)|0.61944085|19893|15000|-4986
(1,2014-08-02 06)|0.0|||
(3,2014-08-02 17)|0.0|63||
(9,2014-08-02 19)|0.0|750||
(1,2014-08-02 07)|0.0|||
(3,2014-08-02 18)|0.0|64||
(1,2014-08-03 14)|0.0|||
(11,2014-08-03 16)|0.0|10014||
(1,2014-08-03 15)|0.0|||
(11,2014-08-03 17)|0.0|9990||
(1,2014-08-03 16)|0.0|||
(11,2014-08-03 18)|0.0|9974||
(1,2014-08-03 17)|0.0|||
(1,2014-08-03 00)|0.0|||
(1,2014-08-03 18)|0.0|||
(1,2014-08-03 01)|0.0|||
(1,2014-08-03 02)|0.0|||
(1,2014-08-03 03)|0.0|||
(1,2014-08-03 04)|0.0|||
(1,2014-08-03 05)|0.0|||
(1,2014-08-03 06)|0.0|||
(9,2014-08-03 10)|0.0|1201||
(1,2014-08-03 07)|0.0|||
(9,2014-08-03 11)|0.0|1205||
(1,2014-08-03 08)|0.0|||
(9,2014-08-03 12)|0.0|1232||
(13,2014-08-03 23)|0.64696634|18243|15000|-3243
(1,2014-08-03 09)|0.0|||
(9,2014-08-03 13)|0.0|1269||
(9,2014-08-04 00)|0.0|1036||
(9,2014-08-03 14)|0.0|1249||
(9,2014-08-03 15)|0.0|1195||
(9,2014-08-03 16)|0.0|1194||
(9,2014-08-03 17)|0.0|1261||
(13,2014-08-03 10)|0.6760701|19302|15000|-4298
(9,2014-08-03 00)|0.0|834||
(13,2014-08-03 11)|0.680062|19085|15000|-4075
(3,2014-08-03 10)|0.0|80||
(9,2014-08-03 01)|0.0|314||
(13,2014-08-03 12)|0.66368437|17811|15000|-2852
(3,2014-08-03 11)|0.0|76||
(9,2014-08-03 02)|0.0|307||
(13,2014-08-03 13)|0.6433086|17575|15000|-2600
(3,2014-08-03 12)|0.0|74||
(9,2014-08-03 03)|0.0|307||
(13,2014-08-03 14)|0.62506187|17317|15000|-2437
(3,2014-08-03 13)|0.0|69||
(9,2014-08-03 04)|0.0|341||
(13,2014-08-03 15)|0.6486529|17350|15000|-2423
(3,2014-08-03 14)|0.0|66||
(9,2014-08-03 05)|0.0|551||
(13,2014-08-03 16)|0.6475272|17349|15000|-2318
(3,2014-08-03 15)|0.0|66||
(13,2014-08-03 17)|0.6465103|17347|15000|-2421
(3,2014-08-03 16)|0.0|64||
(13,2014-08-03 00)|0.666502|18919|15000|-3816
(13,2014-08-03 18)|0.6090589|17187|15000|-2355
(3,2014-08-03 17)|0.0|64||
(13,2014-08-03 01)|0.6552603|18775|15000|-3674
(3,2014-08-03 00)|0.0|68||
(3,2014-08-03 18)|0.0|67||
(13,2014-08-03 02)|0.6581874|18706|15000|-3659
(3,2014-08-03 01)|0.0|67||
(3,2014-08-03 19)|0.0|50||
(13,2014-08-03 03)|0.6713341|18610|15000|-3570
(3,2014-08-03 02)|0.0|65||
(13,2014-08-03 04)|0.68744045|18439|15000|-3468
(3,2014-08-03 03)|0.0|64||
(13,2014-08-03 05)|0.6541336|18063|15000|-2972
(3,2014-08-03 04)|0.0|64||
(13,2014-08-03 06)|0.6542373|18202|15000|-3164
(3,2014-08-03 05)|0.0|65||
(13,2014-08-03 07)|0.62865496|18651|15000|-3708
(3,2014-08-03 06)|0.0|68||
(13,2014-08-03 08)|0.7382289|19463|15000|-4602
(3,2014-08-03 07)|0.0|72||
(13,2014-08-03 09)|0.7222834|19510|15000|-4543
(1,2014-08-03 10)|0.0|||
(3,2014-08-03 08)|0.0|77||
(11,2014-08-03 12)|0.0|9953||
(1,2014-08-03 11)|0.0|||
(3,2014-08-03 09)|0.0|76||
(11,2014-08-03 13)|0.0|10002||
(1,2014-08-03 12)|0.0|||
(11,2014-08-03 14)|0.0|10043||
(1,2014-08-03 13)|0.0|||
(11,2014-08-03 15)|0.0|10052||
(3,2014-08-04 11)|0.0|61||
(13,2014-08-04 23)|0.5859621|18295|15000|-3263
(3,2014-08-04 12)|0.0|61||
(3,2014-08-04 13)|0.0|60||
(3,2014-08-04 14)|0.0|60||
(1,2014-08-04 00)|0.0|||
(3,2014-08-04 15)|0.0|60||
(11,2014-08-04 12)|0.0|9793||
(1,2014-08-04 01)|0.0|||
(3,2014-08-04 16)|0.0|60||
(11,2014-08-04 13)|0.0|9906||
(1,2014-08-04 02)|0.0|||
(3,2014-08-04 17)|0.0|60||
(11,2014-08-04 14)|0.0|9931||
(1,2014-08-04 03)|0.0|||
(3,2014-08-04 18)|0.0|60||
(9,2014-08-04 00)|0.0|1107||
(11,2014-08-04 15)|0.0|9968||
(1,2014-08-04 04)|0.0|||
(3,2014-08-04 19)|0.0|60||
(9,2014-08-04 01)|0.0|1189||
(11,2014-08-04 16)|0.0|9909||
(1,2014-08-04 05)|0.0|||
(9,2014-08-04 02)|0.0|1155||
(11,2014-08-04 17)|0.0|9924||
(1,2014-08-04 06)|0.0|||
(9,2014-08-04 03)|0.0|1120||
(11,2014-08-04 18)|0.0|9828||
(1,2014-08-04 07)|0.0|||
(9,2014-08-04 04)|0.0|1094||
(11,2014-08-04 19)|0.0|9623||
(1,2014-08-04 08)|0.0|||
(9,2014-08-04 05)|0.0|976||
(1,2014-08-04 09)|0.0|||
(9,2014-08-04 06)|0.0|1040||
(9,2014-08-04 07)|0.0|1186||
(9,2014-08-04 08)|0.0|1270||
(13,2014-08-04 10)|0.5889908|19075|15000|-3937
(3,2014-08-05 00)|0.0|59||
(9,2014-08-04 09)|0.0|1278||
(13,2014-08-04 11)|0.5883682|18990|15000|-3944
(1,2014-08-04 20)|0.0|||
(3,2014-08-04 00)|0.0|67||
(13,2014-08-04 12)|0.59647727|17190|15000|-2246
(1,2014-08-04 21)|0.0|||
(3,2014-08-04 01)|0.0|65||
(13,2014-08-04 13)|0.5798887|16839|15000|-1906
(1,2014-08-04 22)|0.0|||
(3,2014-08-04 02)|0.0|65||
(13,2014-08-04 14)|0.4914465|16427|15000|-1705
(1,2014-08-04 23)|0.0|||
(3,2014-08-04 03)|0.0|65||
(9,2014-08-04 20)|0.0|1488||
(13,2014-08-04 15)|0.5236566|16650|15000|-1769
(3,2014-08-04 04)|0.0|65||
(9,2014-08-04 21)|0.0|1341||
(13,2014-08-04 16)|0.58042794|16786|15000|-1728
(3,2014-08-04 05)|0.0|64||
(9,2014-08-04 22)|0.0|1223||
(13,2014-08-04 17)|0.5822117|17110|15000|-2254
(3,2014-08-04 06)|0.0|68||
(9,2014-08-04 23)|0.0|1147||
(13,2014-08-04 18)|0.5062758|17116|15000|-2340
(3,2014-08-04 07)|0.0|70||
(13,2014-08-04 19)|0.54704344|16799|15000|-1850
(3,2014-08-04 08)|0.0|78||
(3,2014-08-04 09)|0.0|71||
(3,2014-08-04 20)|0.0|60||
(3,2014-08-04 21)|0.0|62||
(3,2014-08-04 22)|0.0|60||
(3,2014-08-04 23)|0.0|59||
(11,2014-08-04 20)|0.0|9577||
(13,2014-08-04 00)|0.58284724|18585|15000|-3545
(11,2014-08-04 21)|0.0|9757||
(13,2014-08-04 01)|0.5958424|18543|15000|-3404
(1,2014-08-04 10)|0.0|||
(13,2014-08-04 02)|0.5637434|18536|15000|-3637
(1,2014-08-04 11)|0.0|||
(11,2014-08-04 23)|0.0|8962||
(13,2014-08-04 03)|0.57668394|18586|15000|-3638
(1,2014-08-04 12)|0.0|||
(13,2014-08-04 04)|0.5796951|18567|15000|-3531
(1,2014-08-04 13)|0.0|||
(9,2014-08-04 10)|0.0|1287||
(13,2014-08-04 05)|0.58103925|18392|15000|-3470
(1,2014-08-04 14)|0.0|||
(9,2014-08-04 11)|0.0|1284||
(13,2014-08-04 06)|0.58466613|18690|15000|-3708
(1,2014-08-04 15)|0.0|||
(9,2014-08-04 12)|0.0|1295||
(13,2014-08-04 07)|0.57649195|18963|15000|-3856
(1,2014-08-04 16)|0.0|||
(9,2014-08-04 13)|0.0|1267||
(13,2014-08-04 08)|0.5831887|19258|15000|-4383
(1,2014-08-04 17)|0.0|||
(9,2014-08-04 14)|0.0|1251||
(13,2014-08-04 09)|0.5894621|19050|15000|-4031
(1,2014-08-04 18)|0.0|||
(9,2014-08-04 15)|0.0|1234||
(1,2014-08-04 19)|0.0|||
(9,2014-08-04 16)|0.0|1256||
(9,2014-08-04 17)|0.0|1275||
(9,2014-08-04 18)|0.0|1284||
(13,2014-08-04 20)|0.54242927|16720|15000|-1865
(9,2014-08-04 19)|0.0|1369||
(13,2014-08-04 21)|0.536131|16542|15000|-1662
(3,2014-08-04 10)|0.0|61||
(13,2014-08-04 22)|0.5659406|18758|15000|-3761
(1,2014-08-05 06)|0.0|||
(1,2014-08-05 07)|0.0|||
(1,2014-08-05 08)|0.0|||
(11,2014-08-05 20)|0.0|9062||
(13,2014-08-05 00)|0.6103596|18700|15000|-3651
(1,2014-08-05 09)|0.0|||
(11,2014-08-05 21)|0.0|9096||
(13,2014-08-05 01)|0.6430595|18665|15000|-3631
(1,2014-08-05 20)|0.0|||
(3,2014-08-05 00)|0.0|60||
(11,2014-08-05 22)|0.0|9055||
(13,2014-08-05 02)|0.6493142|18562|15000|-3482
(1,2014-08-05 21)|0.0|||
(3,2014-08-05 01)|0.0|60||
(11,2014-08-05 23)|0.0|9494||
(13,2014-08-05 03)|0.62580645|18403|15000|-3462
(1,2014-08-05 22)|0.0|||
(3,2014-08-05 02)|0.0|60||
(13,2014-08-05 04)|0.6237975|18598|15000|-3490
(1,2014-08-05 23)|0.0|||
(3,2014-08-05 03)|0.0|60||
(13,2014-08-05 05)|0.6410655|18451|15000|-3417
(3,2014-08-05 04)|0.0|60||
(13,2014-08-05 06)|0.6297872|18476|15000|-3400
(3,2014-08-05 05)|0.0|60||
(13,2014-08-05 07)|0.6273585|18943|15000|-3951
(3,2014-08-05 06)|0.0|60||
(13,2014-08-05 08)|0.6501313|19279|15000|-4156
(3,2014-08-05 07)|0.0|61||
(13,2014-08-05 09)|0.62427115|19518|15000|-4273
(1,2014-08-04 23)|0.0|||
(3,2014-08-05 08)|0.0|61||
(13,2014-08-05 20)|0.6179993|18341|15000|-3334
(3,2014-08-05 09)|0.0|60||
(9,2014-08-05 10)|0.0|1283||
(13,2014-08-05 21)|0.6239229|18392|15000|-3275
(3,2014-08-05 20)|0.0|66||
(9,2014-08-05 11)|0.0|1341||
(13,2014-08-05 22)|0.6216996|18098|15000|-2947
(3,2014-08-05 21)|0.0|62||
(9,2014-08-05 12)|0.0|1379||
(13,2014-08-05 23)|0.63909125|18328|15000|-3291
(3,2014-08-05 22)|0.0|62||
(9,2014-08-05 13)|0.0|1328||
(3,2014-08-05 23)|0.0|58||
(9,2014-08-05 14)|0.0|1299||
(9,2014-08-05 15)|0.0|1257||
(9,2014-08-05 16)|0.0|1326||
(9,2014-08-05 17)|0.0|1273||
(13,2014-08-04 23)|1.0|15000|15000|0
(9,2014-08-05 18)|0.0|1426||
(9,2014-08-05 19)|0.0|1422||
(1,2014-08-05 10)|0.0|||
(11,2014-08-05 12)|0.0|8741||
(1,2014-08-05 11)|0.0|||
(11,2014-08-05 13)|0.0|8816||
(1,2014-08-05 12)|0.0|||
(11,2014-08-05 14)|0.0|8848||
(1,2014-08-05 13)|0.0|||
(11,2014-08-05 15)|0.0|8835||
(1,2014-08-05 14)|0.0|||
(11,2014-08-05 16)|0.0|8902||
(1,2014-08-05 15)|0.0|||
(11,2014-08-05 17)|0.0|8866||
(1,2014-08-05 16)|0.0|||
(11,2014-08-05 18)|0.0|8964||
(1,2014-08-05 17)|0.0|||
(11,2014-08-05 19)|0.0|8993||
(1,2014-08-05 18)|0.0|||
(13,2014-08-05 10)|0.6584499|19335|15000|-4247
(1,2014-08-05 19)|0.0|||
(9,2014-08-05 00)|0.0|1108||
(13,2014-08-05 11)|0.6545378|19452|15000|-4343
(3,2014-08-05 10)|0.0|63||
(9,2014-08-05 01)|0.0|1205||
(13,2014-08-05 12)|0.64184904|18426|15000|-3310
(3,2014-08-05 11)|0.0|61||
(9,2014-08-05 02)|0.0|1302||
(13,2014-08-05 13)|0.64575845|18064|15000|-3049
(3,2014-08-05 12)|0.0|61||
(9,2014-08-05 03)|0.0|1333||
(13,2014-08-05 14)|0.6193175|17783|15000|-2775
(3,2014-08-05 13)|0.0|60||
(9,2014-08-05 04)|0.0|1421||
(13,2014-08-05 15)|0.59061295|17782|15000|-2736
(3,2014-08-05 14)|0.0|60||
(9,2014-08-05 05)|0.0|1231||
(13,2014-08-05 16)|0.62360597|17984|15000|-2915
(3,2014-08-05 15)|0.0|59||
(9,2014-08-05 06)|0.0|1092||
(13,2014-08-05 17)|0.6248407|18037|15000|-3054
(3,2014-08-05 16)|0.0|59||
(9,2014-08-05 07)|0.0|1162||
(13,2014-08-05 18)|0.61373854|18530|15000|-3455
(3,2014-08-05 17)|0.0|60||
(9,2014-08-05 08)|0.0|1215||
(13,2014-08-05 19)|0.6115834|18263|15000|-3252
(3,2014-08-05 18)|0.0|65||
(9,2014-08-05 09)|0.0|1251||
(3,2014-08-05 19)|0.0|66||
(9,2014-08-05 20)|0.0|1511||
(9,2014-08-05 21)|0.0|1440||
(1,2014-08-05 00)|0.0|||
(9,2014-08-05 22)|0.0|1393||
(1,2014-08-05 01)|0.0|||
(9,2014-08-05 23)|0.0|1337||
(1,2014-08-05 02)|0.0|||
(1,2014-08-05 03)|0.0|||
(1,2014-08-05 04)|0.0|||
(1,2014-08-05 05)|0.0|||
(3,2014-08-06 00)|0.0|49||
(3,2014-08-06 11)|0.0|66||
(9,2014-08-06 05)|0.0|1406||
(9,2014-08-07 00)|0.0|861||
(13,2014-08-06 19)|0.38425|18016|15000|-1938
(3,2014-08-06 12)|0.0|65||
(9,2014-08-06 06)|0.0|1208||
(3,2014-08-06 13)|0.0|63||
(9,2014-08-06 07)|0.0|1284||
(3,2014-08-06 14)|0.0|64||
(9,2014-08-06 08)|0.0|1387||
(3,2014-08-06 15)|0.0|64||
(9,2014-08-06 09)|0.0|1447||
(9,2014-08-06 20)|0.0|1404||
(3,2014-08-06 16)|0.0|62||
(9,2014-08-06 21)|0.0|1378||
(3,2014-08-06 17)|0.0|62||
(9,2014-08-06 22)|0.0|1312||
(3,2014-08-06 18)|0.0|61||
(9,2014-08-06 23)|0.0|1280||
(3,2014-08-06 19)|0.0|60||
(1,2014-08-06 00)|0.0|||
(1,2014-08-06 01)|0.0|||
(11,2014-08-06 20)|0.0|9359||
(13,2014-08-06 00)|0.66785717|18719|15000|-3708
(1,2014-08-06 02)|0.0|||
(11,2014-08-06 21)|0.0|9541||
(13,2014-08-06 01)|0.6550197|18486|15000|-3591
(1,2014-08-06 03)|0.0|||
(11,2014-08-06 22)|0.0|9577||
(13,2014-08-06 02)|0.65452653|18509|15000|-3386
(1,2014-08-06 04)|0.0|||
(11,2014-08-06 23)|0.0|9755||
(13,2014-08-06 03)|0.6507937|18313|15000|-3143
(1,2014-08-06 05)|0.0|||
(13,2014-08-06 04)|0.65373737|18771|15000|-3655
(1,2014-08-06 06)|0.0|||
(13,2014-08-06 05)|0.6513326|18450|15000|-3391
(1,2014-08-06 07)|0.0|||
(13,2014-08-06 06)|0.6592322|18513|15000|-3327
(1,2014-08-06 08)|0.0|||
(13,2014-08-06 07)|0.6702025|18944|15000|-3942
(1,2014-08-06 09)|0.0|||
(1,2014-08-06 20)|0.0|||
(3,2014-08-06 00)|0.0|64||
(13,2014-08-06 08)|0.6455542|19765|15000|-4801
(1,2014-08-06 21)|0.0|||
(3,2014-08-06 01)|0.0|64||
(13,2014-08-06 09)|0.5284926|19825|15000|-4852
(13,2014-08-06 20)|0.3775076|18083|15000|-2077
(1,2014-08-06 22)|0.0|||
(3,2014-08-06 02)|0.0|64||
(13,2014-08-06 21)|0.42070118|17923|15000|-2154
(1,2014-08-06 23)|0.0|||
(3,2014-08-06 03)|0.0|63||
(13,2014-08-06 22)|0.3573287|17918|15000|-1862
(3,2014-08-06 04)|0.0|62||
(13,2014-08-06 23)|0.42969924|17872|15000|-1824
(3,2014-08-06 05)|0.0|62||
(3,2014-08-07 00)|0.0|59||
(9,2014-08-06 10)|0.0|1367||
(3,2014-08-06 06)|0.0|63||
(9,2014-08-06 11)|0.0|1354||
(3,2014-08-06 07)|0.0|65||
(9,2014-08-06 12)|0.0|1331||
(3,2014-08-06 08)|0.0|66||
(9,2014-08-06 13)|0.0|1321||
(3,2014-08-06 09)|0.0|69||
(3,2014-08-06 20)|0.0|59||
(9,2014-08-06 14)|0.0|1296||
(3,2014-08-06 21)|0.0|60||
(9,2014-08-06 15)|0.0|1307||
(3,2014-08-06 22)|0.0|59||
(9,2014-08-06 16)|0.0|1298||
(3,2014-08-06 23)|0.0|59||
(9,2014-08-06 17)|0.0|1362||
(9,2014-08-06 18)|0.0|1385||
(9,2014-08-06 19)|0.0|1383||
(11,2014-08-06 12)|0.0|8623||
(11,2014-08-06 13)|0.0|8797||
(11,2014-08-06 14)|0.0|8733||
(11,2014-08-06 15)|0.0|8900||
(11,2014-08-06 16)|0.0|8995||
(11,2014-08-06 17)|0.0|9064||
(1,2014-08-06 10)|0.0|||
(11,2014-08-06 18)|0.0|9143||
(1,2014-08-06 11)|0.0|||
(11,2014-08-06 19)|0.0|9400||
(13,2014-08-06 10)|0.5490299|19672|15000|-4608
(1,2014-08-06 12)|0.0|||
(13,2014-08-06 11)|0.5357853|19296|15000|-4076
(1,2014-08-06 13)|0.0|||
(13,2014-08-06 12)|0.61045444|17203|15000|-1985
(1,2014-08-06 14)|0.0|||
(13,2014-08-06 13)|0.61533976|16953|15000|-1670
(1,2014-08-06 15)|0.0|||
(9,2014-08-06 00)|0.0|1423||
(13,2014-08-06 14)|0.62199205|16940|15000|-1870
(1,2014-08-06 16)|0.0|||
(9,2014-08-06 01)|0.0|1455||
(13,2014-08-06 15)|0.61126375|16759|15000|-1755
(1,2014-08-06 17)|0.0|||
(9,2014-08-06 02)|0.0|1519||
(13,2014-08-06 16)|0.5925926|16759|15000|-1480
(1,2014-08-06 18)|0.0|||
(9,2014-08-06 03)|0.0|1550||
(13,2014-08-06 17)|0.6394377|16751|15000|-1616
(1,2014-08-06 19)|0.0|||
(3,2014-08-06 10)|0.0|68||
(9,2014-08-06 04)|0.0|1549||
(13,2014-08-06 18)|0.44919306|17742|15000|-1876
(1,2014-08-07 15)|0.0|||
(9,2014-08-07 00)|0.0|1425||
(13,2014-08-07 14)|0.6499538|18324|15000|-3214
(1,2014-08-07 16)|0.0|||
(9,2014-08-07 01)|0.0|1504||
(13,2014-08-07 15)|0.66|18184|15000|-2987
(1,2014-08-07 17)|0.0|||
(9,2014-08-07 02)|0.0|1497||
(13,2014-08-07 16)|0.6561942|18049|15000|-2978
(1,2014-08-07 18)|0.0|||
(9,2014-08-07 03)|0.0|1593||
(13,2014-08-07 17)|0.65409595|17858|15000|-2793
(1,2014-08-07 19)|0.0|||
(3,2014-08-07 10)|0.0|57||
(9,2014-08-07 04)|0.0|1652||
(13,2014-08-07 18)|0.6488489|17980|15000|-2969
(3,2014-08-07 11)|0.0|56||
(9,2014-08-07 05)|0.0|1342||
(9,2014-08-08 00)|0.0|410||
(13,2014-08-07 19)|0.6287879|17874|15000|-2643
(3,2014-08-07 12)|0.0|61||
(9,2014-08-07 06)|0.0|1144||
(3,2014-08-07 13)|0.0|60||
(9,2014-08-07 07)|0.0|1162||
(3,2014-08-07 14)|0.0|60||
(9,2014-08-07 08)|0.0|1265||
(3,2014-08-07 15)|0.0|60||
(9,2014-08-07 09)|0.0|1366||
(9,2014-08-07 20)|0.0|1349||
(3,2014-08-07 16)|0.0|60||
(9,2014-08-07 21)|0.0|1401||
(3,2014-08-07 17)|0.0|60||
(9,2014-08-07 22)|0.0|1304||
(3,2014-08-07 18)|0.0|60||
(9,2014-08-07 23)|0.0|1300||
(3,2014-08-07 19)|0.0|60||
(1,2014-08-07 00)|0.0|||
(1,2014-08-07 01)|0.0|||
(11,2014-08-07 20)|0.0|9285||
(13,2014-08-07 00)|0.58775926|18482|15000|-3227
(1,2014-08-07 02)|0.0|||
(11,2014-08-07 21)|0.0|9468||
(13,2014-08-07 01)|0.59325653|18371|15000|-3323
(1,2014-08-07 03)|0.0|||
(11,2014-08-07 22)|0.0|9258||
(13,2014-08-07 02)|0.6313101|18344|15000|-3200
(1,2014-08-07 04)|0.0|||
(11,2014-08-07 23)|0.0|9577||
(13,2014-08-07 03)|0.61629707|18265|15000|-3184
(1,2014-08-07 05)|0.0|||
(13,2014-08-07 04)|0.5957929|18488|15000|-3411
(1,2014-08-07 06)|0.0|||
(13,2014-08-07 05)|0.6058351|18368|15000|-3169
(1,2014-08-07 07)|0.0|||
(13,2014-08-07 06)|0.63987297|18667|15000|-3627
(1,2014-08-07 08)|0.0|||
(13,2014-08-07 07)|0.6032442|19305|15000|-4327
(1,2014-08-07 09)|0.0|||
(1,2014-08-07 20)|0.0|||
(3,2014-08-07 00)|0.0|61||
(13,2014-08-07 08)|0.56845754|19714|15000|-4654
(1,2014-08-07 21)|0.0|||
(3,2014-08-07 01)|0.0|61||
(13,2014-08-07 09)|0.60807973|19097|15000|-3899
(13,2014-08-07 20)|0.65133315|17538|15000|-2519
(1,2014-08-07 22)|0.0|||
(3,2014-08-07 02)|0.0|60||
(13,2014-08-07 21)|0.6528828|17791|15000|-2741
(1,2014-08-07 23)|0.0|||
(3,2014-08-07 03)|0.0|60||
(13,2014-08-07 22)|0.5729477|17584|15000|-2602
(3,2014-08-07 04)|0.0|60||
(13,2014-08-07 23)|0.62117344|17688|15000|-2664
(3,2014-08-07 05)|0.0|60||
(3,2014-08-08 00)|0.0|59||
(9,2014-08-07 10)|0.0|1348||
(3,2014-08-07 06)|0.0|60||
(9,2014-08-07 11)|0.0|1255||
(3,2014-08-07 07)|0.0|61||
(9,2014-08-07 12)|0.0|1258||
(3,2014-08-07 08)|0.0|61||
(9,2014-08-07 13)|0.0|1246||
(3,2014-08-07 09)|0.0|63||
(3,2014-08-07 20)|0.0|59||
(9,2014-08-07 14)|0.0|1286||
(3,2014-08-07 21)|0.0|59||
(9,2014-08-07 15)|0.0|1290||
(3,2014-08-07 22)|0.0|60||
(3,2014-08-07 23)|0.0|60||
(9,2014-08-07 18)|0.0|1129||
(9,2014-08-07 19)|0.0|1370||
(11,2014-08-07 12)|0.0|8717||
(11,2014-08-07 13)|0.0|8787||
(11,2014-08-07 14)|0.0|8799||
(11,2014-08-07 15)|0.0|8987||
(11,2014-08-07 16)|0.0|8978||
(11,2014-08-07 17)|0.0|9037||
(1,2014-08-07 10)|0.0|||
(11,2014-08-07 18)|0.0|9146||
(1,2014-08-07 11)|0.0|||
(11,2014-08-07 19)|0.0|9235||
(13,2014-08-07 10)|0.58914727|19361|15000|-4346
(1,2014-08-07 12)|0.0|||
(13,2014-08-07 11)|0.56081486|19511|15000|-4503
(1,2014-08-07 13)|0.0|||
(13,2014-08-07 12)|0.58463836|17592|15000|-2612
(1,2014-08-07 14)|0.0|||
(13,2014-08-07 13)|0.6192507|18011|15000|-2993
(1,2014-08-08 00)|0.0|||
(3,2014-08-08 15)|0.0|61||
(11,2014-08-08 12)|0.0|8850||
(1,2014-08-08 01)|0.0|||
(3,2014-08-08 16)|0.0|61||
(11,2014-08-08 13)|0.0|8890||
(1,2014-08-08 02)|0.0|||
(3,2014-08-08 17)|0.0|61||
(9,2014-08-09 00)|0.0|492||
(11,2014-08-08 14)|0.0|8932||
(1,2014-08-08 03)|0.0|||
(3,2014-08-08 18)|0.0|61||
(9,2014-08-08 00)|0.0|1447||
(11,2014-08-08 15)|0.0|8965||
(1,2014-08-08 04)|0.0|||
(3,2014-08-08 19)|0.0|61||
(9,2014-08-08 01)|0.0|1536||
(1,2014-08-08 05)|0.0|||
(9,2014-08-08 02)|0.0|1576||
(1,2014-08-08 06)|0.0|||
(9,2014-08-08 03)|0.0|1588||
(1,2014-08-08 07)|0.0|||
(9,2014-08-08 04)|0.0|1599||
(1,2014-08-08 08)|0.0|||
(9,2014-08-08 05)|0.0|1402||
(1,2014-08-08 09)|0.0|||
(9,2014-08-08 06)|0.0|1162||
(9,2014-08-08 07)|0.0|1184||
(9,2014-08-08 08)|0.0|1227||
(13,2014-08-08 10)|0.6614907|19192|15000|-4061
(3,2014-08-09 00)|0.0|59||
(9,2014-08-08 09)|0.0|1299||
(13,2014-08-08 11)|0.67368424|19000|15000|-4505
(1,2014-08-08 20)|0.0|||
(3,2014-08-08 00)|0.0|61||
(13,2014-08-08 12)|0.6480744|15916|15000|-993
(1,2014-08-08 21)|0.0|||
(3,2014-08-08 01)|0.0|61||
(13,2014-08-08 13)|0.65975696|15782|15000|-677
(1,2014-08-08 22)|0.0|||
(3,2014-08-08 02)|0.0|61||
(13,2014-08-08 14)|0.63721555|15716|15000|-777
(1,2014-08-08 23)|0.0|||
(3,2014-08-08 03)|0.0|60||
(9,2014-08-08 20)|0.0|1436||
(13,2014-08-08 15)|0.64495116|15973|15000|-1060
(3,2014-08-08 04)|0.0|60||
(9,2014-08-08 21)|0.0|1411||
(13,2014-08-08 16)|0.6222826|18695|15000|-3427
(3,2014-08-08 05)|0.0|60||
(9,2014-08-08 22)|0.0|1386||
(13,2014-08-08 17)|0.6806723|19075|15000|-4197
(3,2014-08-08 06)|0.0|61||
(9,2014-08-08 23)|0.0|1364||
(13,2014-08-08 18)|0.6319797|19302|15000|-4136
(3,2014-08-08 07)|0.0|61||
(13,2014-08-08 19)|0.65317917|18424|15000|-3650
(3,2014-08-08 08)|0.0|61||
(3,2014-08-08 09)|0.0|61||
(3,2014-08-08 20)|0.0|61||
(3,2014-08-08 21)|0.0|60||
(3,2014-08-08 22)|0.0|60||
(3,2014-08-08 23)|0.0|60||
(13,2014-08-08 00)|0.6589404|18360|15000|-3391
(13,2014-08-08 01)|0.6062718|18222|15000|-3390
(1,2014-08-08 10)|0.0|||
(13,2014-08-08 02)|0.6526055|18200|15000|-3365
(1,2014-08-08 11)|0.0|||
(13,2014-08-08 03)|0.6010101|18939|15000|-4411
(1,2014-08-08 12)|0.0|||
(13,2014-08-08 04)|0.63852817|18798|15000|-3694
(1,2014-08-08 13)|0.0|||
(9,2014-08-08 10)|0.0|1251||
(13,2014-08-08 05)|0.6420323|18267|15000|-3363
(1,2014-08-08 14)|0.0|||
(9,2014-08-08 11)|0.0|1402||
(13,2014-08-08 06)|0.58641976|18446|15000|-3894
(1,2014-08-08 15)|0.0|||
(9,2014-08-08 12)|0.0|1380||
(13,2014-08-08 07)|0.62530416|19111|15000|-3968
(1,2014-08-08 16)|0.0|||
(9,2014-08-08 13)|0.0|1377||
(13,2014-08-08 08)|0.6100629|20188|15000|-5670
(1,2014-08-08 17)|0.0|||
(9,2014-08-08 14)|0.0|1329||
(13,2014-08-08 09)|0.63265306|19829|15000|-4838
(1,2014-08-08 18)|0.0|||
(9,2014-08-08 15)|0.0|1317||
(1,2014-08-08 19)|0.0|||
(9,2014-08-08 16)|0.0|1332||
(9,2014-08-08 17)|0.0|1373||
(9,2014-08-08 18)|0.0|1380||
(13,2014-08-08 20)|0.63135594|20656|15000|-5805
(9,2014-08-08 19)|0.0|1409||
(13,2014-08-08 21)|0.6396648|18477|15000|-2969
(3,2014-08-08 10)|0.0|60||
(13,2014-08-08 22)|0.6375|18729|15000|-3888
(3,2014-08-08 11)|0.0|63||
(13,2014-08-08 23)|0.65122616|17956|15000|-3138
(3,2014-08-08 12)|0.0|61||
(3,2014-08-08 13)|0.0|61||
(3,2014-08-08 14)|0.0|61||
(1,2014-08-09 10)|0.0|||
(1,2014-08-09 11)|0.0|||
(1,2014-08-09 12)|0.0|||
(1,2014-08-09 13)|0.0|||
(1,2014-08-09 14)|0.0|||
(1,2014-08-09 15)|0.0|||
(9,2014-08-09 00)|0.0|837||
(1,2014-08-09 16)|0.0|||
(9,2014-08-09 01)|0.0|802||
(1,2014-08-09 17)|0.0|||
(9,2014-08-09 02)|0.0|796||
(1,2014-08-09 18)|0.0|||
(9,2014-08-09 03)|0.0|761||
(1,2014-08-09 19)|0.0|||
(3,2014-08-09 10)|0.0|62||
(9,2014-08-09 04)|0.0|735||
(9,2014-08-10 00)|0.0|369||
(3,2014-08-09 11)|0.0|63||
(9,2014-08-09 05)|0.0|643||
(3,2014-08-09 12)|0.0|61||
(9,2014-08-09 06)|0.0|677||
(3,2014-08-09 13)|0.0|61||
(9,2014-08-09 07)|0.0|792||
(3,2014-08-09 14)|0.0|61||
(9,2014-08-09 08)|0.0|842||
(3,2014-08-09 15)|0.0|60||
(9,2014-08-09 09)|0.0|839||
(9,2014-08-09 20)|0.0|883||
(3,2014-08-09 16)|0.0|61||
(9,2014-08-09 21)|0.0|863||
(3,2014-08-09 17)|0.0|60||
(9,2014-08-09 22)|0.0|765||
(3,2014-08-09 18)|0.0|61||
(9,2014-08-09 23)|0.0|709||
(3,2014-08-09 19)|0.0|61||
(1,2014-08-09 00)|0.0|||
(1,2014-08-09 01)|0.0|||
(1,2014-08-09 02)|0.0|||
(1,2014-08-09 03)|0.0|||
(1,2014-08-09 04)|0.0|||
(1,2014-08-09 05)|0.0|||
(1,2014-08-09 06)|0.0|||
(1,2014-08-09 07)|0.0|||
(1,2014-08-09 08)|0.0|||
(1,2014-08-09 09)|0.0|||
(1,2014-08-09 20)|0.0|||
(3,2014-08-09 00)|0.0|61||
(1,2014-08-09 21)|0.0|||
(3,2014-08-09 01)|0.0|61||
(1,2014-08-09 22)|0.0|||
(3,2014-08-09 02)|0.0|60||
(1,2014-08-09 23)|0.0|||
(3,2014-08-09 03)|0.0|60||
(3,2014-08-09 04)|0.0|60||
(3,2014-08-10 00)|0.0|59||
(3,2014-08-09 05)|0.0|60||
(9,2014-08-09 10)|0.0|839||
(3,2014-08-09 06)|0.0|61||
(9,2014-08-09 11)|0.0|850||
(3,2014-08-09 07)|0.0|61||
(9,2014-08-09 12)|0.0|838||
(3,2014-08-09 08)|0.0|62||
(9,2014-08-09 13)|0.0|834||
(3,2014-08-09 09)|0.0|61||
(3,2014-08-09 20)|0.0|61||
(9,2014-08-09 14)|0.0|820||
(3,2014-08-09 21)|0.0|61||
(9,2014-08-09 15)|0.0|806||
(3,2014-08-09 22)|0.0|61||
(9,2014-08-09 16)|0.0|845||
(3,2014-08-09 23)|0.0|60||
(9,2014-08-09 17)|0.0|923||
(9,2014-08-09 18)|0.0|913||
(9,2014-08-09 19)|0.0|935||
(1,2014-08-10 13)|0.0|||
(9,2014-08-10 02)|0.0|598||
(1,2014-08-10 14)|0.0|||
(9,2014-08-10 03)|0.0|585||
(1,2014-08-10 15)|0.0|||
(9,2014-08-10 04)|0.0|596||
(1,2014-08-10 16)|0.0|||
(9,2014-08-10 05)|0.0|554||
(1,2014-08-10 17)|0.0|||
(9,2014-08-10 06)|0.0|681||
(1,2014-08-10 18)|0.0|||
(3,2014-08-10 10)|0.0|65||
(9,2014-08-10 07)|0.0|737||
(1,2014-08-10 19)|0.0|||
(3,2014-08-10 11)|0.0|73||
(9,2014-08-10 08)|0.0|709||
(9,2014-08-10 20)|0.0|1085||
(3,2014-08-10 12)|0.0|70||
(9,2014-08-10 09)|0.0|740||
(9,2014-08-10 21)|0.0|1103||
(3,2014-08-10 13)|0.0|64||
(9,2014-08-10 22)|0.0|1050||
(3,2014-08-10 14)|0.0|65||
(9,2014-08-10 23)|0.0|1064||
(3,2014-08-10 15)|0.0|65||
(3,2014-08-10 16)|0.0|65||
(3,2014-08-10 17)|0.0|65||
(3,2014-08-10 18)|0.0|74||
(3,2014-08-10 19)|0.0|77||
(1,2014-08-10 00)|0.0|||
(1,2014-08-10 01)|0.0|||
(1,2014-08-10 02)|0.0|||
(1,2014-08-10 03)|0.0|||
(1,2014-08-10 04)|0.0|||
(1,2014-08-10 05)|0.0|||
(1,2014-08-10 06)|0.0|||
(1,2014-08-10 07)|0.0|||
(1,2014-08-10 08)|0.0|||
(1,2014-08-10 20)|0.0|||
(3,2014-08-10 00)|0.0|61||
(1,2014-08-10 09)|0.0|||
(1,2014-08-10 21)|0.0|||
(3,2014-08-10 01)|0.0|60||
(9,2014-08-10 10)|0.0|769||
(1,2014-08-10 22)|0.0|||
(3,2014-08-10 02)|0.0|60||
(9,2014-08-10 11)|0.0|1221||
(1,2014-08-10 23)|0.0|||
(3,2014-08-10 03)|0.0|60||
(9,2014-08-10 12)|0.0|1219||
(3,2014-08-10 04)|0.0|60||
(9,2014-08-10 13)|0.0|1306||
(3,2014-08-10 05)|0.0|60||
(9,2014-08-10 14)|0.0|1271||
(3,2014-08-10 06)|0.0|61||
(9,2014-08-10 15)|0.0|1160||
(3,2014-08-10 07)|0.0|61||
(9,2014-08-10 16)|0.0|1182||
(3,2014-08-10 08)|0.0|62||
(3,2014-08-10 20)|0.0|75||
(9,2014-08-10 17)|0.0|1198||
(3,2014-08-10 09)|0.0|61||
(3,2014-08-10 21)|0.0|69||
(9,2014-08-10 18)|0.0|1145||
(3,2014-08-10 22)|0.0|69||
(9,2014-08-10 19)|0.0|1102||
(3,2014-08-10 23)|0.0|62||
(1,2014-08-10 10)|0.0|||
(1,2014-08-10 11)|0.0|||
(9,2014-08-10 00)|0.0|688||
(1,2014-08-10 12)|0.0|||
(9,2014-08-10 01)|0.0|647||
(3,2014-08-11 20)|0.0|71||
(3,2014-08-11 21)|0.0|69||
(3,2014-08-11 22)|0.0|70||
(3,2014-08-11 23)|0.0|65||
(1,2014-08-11 10)|0.0|||
(1,2014-08-11 11)|0.0|||
(1,2014-08-11 12)|0.0|||
(1,2014-08-11 13)|0.0|||
(9,2014-08-11 10)|0.0|1456||
(1,2014-08-11 14)|0.0|||
(9,2014-08-11 11)|0.0|1474||
(1,2014-08-11 15)|0.0|||
(9,2014-08-11 12)|0.0|1421||
(1,2014-08-11 16)|0.0|||
(9,2014-08-11 13)|0.0|1391||
(1,2014-08-11 17)|0.0|||
(9,2014-08-11 14)|0.0|1362||
(1,2014-08-11 18)|0.0|||
(9,2014-08-11 15)|0.0|1356||
(1,2014-08-11 19)|0.0|||
(9,2014-08-11 16)|0.0|1358||
(9,2014-08-11 17)|0.0|1399||
(9,2014-08-11 18)|0.0|1426||
(9,2014-08-11 19)|0.0|1478||
(3,2014-08-11 10)|0.0|67||
(3,2014-08-11 11)|0.0|69||
(3,2014-08-11 12)|0.0|63||
(3,2014-08-11 13)|0.0|63||
(3,2014-08-11 14)|0.0|69||
(1,2014-08-11 00)|0.0|||
(3,2014-08-11 15)|0.0|70||
(1,2014-08-11 01)|0.0|||
(3,2014-08-11 16)|0.0|69||
(1,2014-08-11 02)|0.0|||
(3,2014-08-11 17)|0.0|68||
(1,2014-08-11 03)|0.0|||
(3,2014-08-11 18)|0.0|69||
(9,2014-08-11 00)|0.0|1491||
(1,2014-08-11 04)|0.0|||
(3,2014-08-11 19)|0.0|68||
(9,2014-08-11 01)|0.0|1485||
(1,2014-08-11 05)|0.0|||
(9,2014-08-11 02)|0.0|1399||
(1,2014-08-11 06)|0.0|||
(9,2014-08-11 03)|0.0|1428||
(1,2014-08-11 07)|0.0|||
(9,2014-08-11 04)|0.0|1439||
(1,2014-08-11 08)|0.0|||
(9,2014-08-11 05)|0.0|1300||
(1,2014-08-11 09)|0.0|||
(9,2014-08-11 06)|0.0|1184||
(9,2014-08-11 07)|0.0|1252||
(9,2014-08-11 08)|0.0|1378||
(3,2014-08-12 00)|0.0|50||
(9,2014-08-11 09)|0.0|1416||
(1,2014-08-11 20)|0.0|||
(3,2014-08-11 00)|0.0|65||
(1,2014-08-11 21)|0.0|||
(3,2014-08-11 01)|0.0|64||
(1,2014-08-11 22)|0.0|||
(3,2014-08-11 02)|0.0|63||
(1,2014-08-11 23)|0.0|||
(3,2014-08-11 03)|0.0|63||
(9,2014-08-11 20)|0.0|1470||
(3,2014-08-11 04)|0.0|63||
(9,2014-08-11 21)|0.0|1436||
(3,2014-08-11 05)|0.0|63||
(9,2014-08-11 22)|0.0|1388||
(3,2014-08-11 06)|0.0|64||
(9,2014-08-11 23)|0.0|1377||
(3,2014-08-11 07)|0.0|66||
(3,2014-08-11 08)|0.0|67||
(3,2014-08-11 09)|0.0|67||
(1,2014-08-12 08)|0.0|||
(1,2014-08-12 09)|0.0|||
(1,2014-08-12 20)|0.0|||
(3,2014-08-12 00)|0.0|65||
(1,2014-08-12 21)|0.0|||
(3,2014-08-12 01)|0.0|64||
(1,2014-08-12 22)|0.0|||
(3,2014-08-12 02)|0.0|65||
(1,2014-08-12 23)|0.0|||
(3,2014-08-12 03)|0.0|63||
(3,2014-08-12 04)|0.0|62||
(3,2014-08-12 05)|0.0|62||
(3,2014-08-12 06)|0.0|65||
(3,2014-08-12 07)|0.0|66||
(3,2014-08-13 00)|0.0|50||
(3,2014-08-12 08)|0.0|68||
(3,2014-08-12 09)|0.0|68||
(3,2014-08-12 20)|0.0|71||
(3,2014-08-12 21)|0.0|69||
(3,2014-08-12 22)|0.0|70||
(9,2014-08-12 10)|0.0|1400||
(3,2014-08-12 23)|0.0|66||
(9,2014-08-12 11)|0.0|1403||
(9,2014-08-12 12)|0.0|1370||
(9,2014-08-12 13)|0.0|1382||
(9,2014-08-12 14)|0.0|1379||
(9,2014-08-12 15)|0.0|1366||
(9,2014-08-12 16)|0.0|1407||
(1,2014-08-12 10)|0.0|||
(9,2014-08-12 17)|0.0|1433||
(1,2014-08-12 11)|0.0|||
(9,2014-08-12 18)|0.0|1462||
(1,2014-08-12 12)|0.0|||
(9,2014-08-12 19)|0.0|1500||
(1,2014-08-12 13)|0.0|||
(1,2014-08-12 14)|0.0|||
(1,2014-08-12 15)|0.0|||
(1,2014-08-12 16)|0.0|||
(1,2014-08-12 17)|0.0|||
(1,2014-08-12 18)|0.0|||
(1,2014-08-12 19)|0.0|||
(3,2014-08-12 10)|0.0|71||
(3,2014-08-12 11)|0.0|72||
(3,2014-08-12 12)|0.0|72||
(9,2014-08-12 00)|0.0|1479||
(3,2014-08-12 13)|0.0|71||
(9,2014-08-12 01)|0.0|1481||
(3,2014-08-12 14)|0.0|69||
(9,2014-08-12 02)|0.0|1433||
(3,2014-08-12 15)|0.0|67||
(9,2014-08-12 03)|0.0|1426||
(3,2014-08-12 16)|0.0|67||
(9,2014-08-12 04)|0.0|1431||
(3,2014-08-12 17)|0.0|72||
(9,2014-08-12 05)|0.0|1278||
(3,2014-08-12 18)|0.0|68||
(9,2014-08-12 06)|0.0|1189||
(1,2014-08-12 00)|0.0|||
(3,2014-08-12 19)|0.0|73||
(9,2014-08-12 07)|0.0|1229||
(1,2014-08-12 01)|0.0|||
(9,2014-08-12 08)|0.0|1354||
(1,2014-08-12 02)|0.0|||
(9,2014-08-12 09)|0.0|1400||
(1,2014-08-12 03)|0.0|||
(1,2014-08-12 04)|0.0|||
(9,2014-08-12 20)|0.0|1534||
(1,2014-08-12 05)|0.0|||
(9,2014-08-12 21)|0.0|1497||
(1,2014-08-12 06)|0.0|||
(9,2014-08-12 22)|0.0|1488||
(1,2014-08-12 07)|0.0|||
(9,2014-08-12 23)|0.0|1506||
(3,2014-08-13 05)|0.0|68||
(3,2014-08-13 06)|0.0|73||
(9,2014-08-13 00)|0.0|1636||
(3,2014-08-13 07)|0.0|77||
(9,2014-08-13 01)|0.0|1600||
(9,2014-08-14 00)|0.0|307||
(3,2014-08-13 08)|0.0|76||
(9,2014-08-13 02)|0.0|1587||
(3,2014-08-13 09)|0.0|81||
(9,2014-08-13 03)|0.0|1622||
(9,2014-08-13 04)|0.0|1582||
(9,2014-08-13 05)|0.0|1494||
(9,2014-08-13 06)|0.0|1295||
(9,2014-08-13 07)|0.0|1313||
(1,2014-08-13 10)|0.0|||
(9,2014-08-13 08)|0.0|1362||
(1,2014-08-13 11)|0.0|||
(9,2014-08-13 09)|0.0|1367||
(1,2014-08-13 12)|0.0|||
(1,2014-08-13 13)|0.0|||
(3,2014-08-13 20)|0.0|66||
(1,2014-08-13 14)|0.0|||
(3,2014-08-13 21)|0.0|65||
(1,2014-08-13 15)|0.0|||
(3,2014-08-13 22)|0.0|65||
(1,2014-08-13 16)|0.0|||
(3,2014-08-13 23)|0.0|63||
(1,2014-08-13 17)|0.0|||
(1,2014-08-13 18)|0.0|||
(1,2014-08-13 19)|0.0|||
(9,2014-08-13 20)|0.0|1383||
(9,2014-08-13 21)|0.0|1332||
(9,2014-08-13 22)|0.0|1219||
(9,2014-08-13 23)|0.0|1119||
(1,2014-08-13 00)|0.0|||
(1,2014-08-13 01)|0.0|||
(1,2014-08-13 02)|0.0|||
(1,2014-08-13 03)|0.0|||
(3,2014-08-13 10)|0.0|83||
(1,2014-08-13 04)|0.0|||
(3,2014-08-13 11)|0.0|71||
(1,2014-08-13 05)|0.0|||
(3,2014-08-13 12)|0.0|91||
(1,2014-08-13 06)|0.0|||
(3,2014-08-13 13)|0.0|94||
(1,2014-08-13 07)|0.0|||
(3,2014-08-13 14)|0.0|96||
(1,2014-08-13 08)|0.0|||
(3,2014-08-13 15)|0.0|76||
(1,2014-08-13 09)|0.0|||
(3,2014-08-13 16)|0.0|68||
(9,2014-08-13 10)|0.0|1397||
(3,2014-08-13 17)|0.0|69||
(9,2014-08-13 11)|0.0|1440||
(3,2014-08-13 18)|0.0|69||
(9,2014-08-13 12)|0.0|1419||
(3,2014-08-13 19)|0.0|67||
(9,2014-08-13 13)|0.0|1431||
(9,2014-08-13 14)|0.0|1423||
(9,2014-08-13 15)|0.0|1308||
(9,2014-08-13 16)|0.0|1332||
(9,2014-08-13 17)|0.0|1382||
(1,2014-08-13 20)|0.0|||
(3,2014-08-13 00)|0.0|61||
(9,2014-08-13 18)|0.0|1443||
(1,2014-08-13 21)|0.0|||
(3,2014-08-13 01)|0.0|61||
(3,2014-08-14 00)|0.0|69||
(9,2014-08-13 19)|0.0|1380||
(1,2014-08-13 22)|0.0|||
(3,2014-08-13 02)|0.0|63||
(1,2014-08-13 23)|0.0|||
(3,2014-08-13 03)|0.0|70||
(3,2014-08-13 04)|0.0|73||
